Sterilisator,counter: 00042
Sterilisator,model: Steamjet ST1
Sterilisator,serial: ST1-5036
Sterilisator,firmware: 14.6
Sterilisator,start time: 16-01-17 13:30:01
Sterilisator,type: 121
phase, time [sec], presure [Bar], temperature [°C], temperaturecalc [°C]
0,0,0.00,111.4,111.4
1,1,-0.01,111.4,111.4
1,2,-0.01,111.3,111.3
1,3,-0.01,111.3,111.3
1,4,-0.01,111.2,111.2
1,5,-0.01,111.2,111.2
1,6,-0.01,111.1,111.1
1,7,-0.01,111.1,111.1
1,8,-0.01,111.0,111.0
1,9,-0.01,111.0,111.0
1,10,-0.01,110.9,110.9
1,11,-0.01,110.9,110.9
1,12,-0.01,110.9,110.9
1,13,-0.01,110.9,110.9
1,14,-0.01,110.8,110.8
2,15,-0.06,110.8,110.8
2,16,-0.11,110.7,110.7
2,17,-0.16,110.7,110.7
2,18,-0.21,110.6,110.6
2,19,-0.25,110.5,110.5
2,20,-0.29,110.4,110.4
2,21,-0.32,110.3,110.3
2,22,-0.35,110.2,110.2
2,23,-0.38,110.0,110.0
2,24,-0.41,109.9,109.9
2,25,-0.44,109.8,109.8
2,26,-0.47,109.7,109.7
2,27,-0.49,109.6,109.6
2,28,-0.51,109.5,109.5
2,29,-0.53,109.4,109.4
2,30,-0.55,109.4,109.4
2,31,-0.57,109.3,109.3
2,32,-0.59,109.2,109.2
2,33,-0.61,109.2,109.2
2,34,-0.62,109.1,109.1
2,35,-0.64,109.1,109.1
2,36,-0.65,109.0,109.0
2,37,-0.67,109.0,109.0
2,38,-0.68,109.0,109.0
2,39,-0.69,108.9,108.9
2,40,-0.70,108.9,108.9
2,41,-0.71,108.9,108.9
2,42,-0.72,108.9,108.9
2,43,-0.73,108.9,108.9
2,44,-0.74,108.9,108.9
2,45,-0.76,108.9,108.9
2,46,-0.76,108.9,108.9
2,47,-0.77,108.9,108.9
2,48,-0.78,108.9,108.9
2,49,-0.78,108.9,108.9
2,50,-0.79,108.9,108.9
2,51,-0.79,108.9,108.9
3,52,-0.80,108.9,108.9
3,53,-0.39,109.0,109.0
3,54,-0.16,109.1,109.1
3,55,-0.09,109.2,109.2
3,56,-0.06,109.5,109.5
3,57,0.51,109.7,109.7
3,58,0.81,110.1,110.1
3,59,0.82,110.8,110.8
4,60,0.64,111.6,111.6
4,61,0.50,112.1,112.1
4,62,0.37,112.2,112.2
4,63,0.24,112.2,112.2
4,64,0.14,112.0,112.0
4,65,0.03,111.8,111.8
4,66,-0.12,111.5,111.5
4,67,-0.25,111.2,111.2
4,68,-0.36,110.9,110.9
4,69,-0.45,110.6,110.6
4,70,-0.53,110.3,110.3
4,71,-0.59,109.9,109.9
4,72,-0.63,109.7,109.7
4,73,-0.67,109.4,109.4
4,74,-0.71,109.1,109.1
4,75,-0.74,109.0,109.0
4,76,-0.76,108.8,108.8
4,77,-0.76,108.7,108.7
4,78,-0.79,108.6,108.6
5,79,-0.73,108.6,108.6
5,80,0.25,108.6,108.6
5,81,0.23,108.8,108.8
5,82,0.20,109.2,109.2
5,83,0.18,109.5,109.5
5,84,0.64,109.8,109.8
5,85,0.77,110.5,110.5
5,86,0.76,111.6,111.6
6,87,0.66,112.7,112.7
6,88,0.55,113.5,113.5
6,89,0.42,113.7,113.7
6,90,0.29,113.5,113.5
6,91,0.18,113.1,113.1
6,92,0.07,112.7,112.7
6,93,-0.09,112.2,112.2
6,94,-0.20,111.8,111.8
6,95,-0.32,111.4,111.4
6,96,-0.41,111.1,111.1
6,97,-0.47,110.7,110.7
6,98,-0.54,110.4,110.4
6,99,-0.60,110.1,110.1
6,100,-0.64,109.9,109.9
6,101,-0.67,109.7,109.7
6,102,-0.70,109.5,109.5
6,103,-0.73,109.4,109.4
6,104,-0.75,109.2,109.2
6,105,-0.76,109.2,109.2
6,106,-0.77,109.1,109.1
6,107,-0.79,109.1,109.1
7,108,-0.31,109.1,109.1
7,109,0.21,109.3,109.3
7,110,0.13,109.6,109.6
7,111,0.09,109.9,109.9
7,112,0.09,110.3,110.3
7,113,0.81,110.7,110.7
7,114,0.75,111.5,111.5
7,115,0.72,112.6,112.6
7,116,0.70,113.4,113.4
7,117,0.90,114.1,114.1
7,118,1.00,115.0,115.0
7,119,0.97,116.1,116.1
7,120,0.96,117.0,117.0
7,121,0.95,117.8,117.8
7,122,1.08,118.4,118.4
7,123,1.05,119.1,119.1
7,124,1.05,119.7,119.7
7,125,1.04,120.2,120.2
7,126,1.11,120.5,120.5
7,127,1.08,120.8,120.8
7,128,1.13,121.1,121.1
7,129,1.11,121.4,121.4
7,130,1.11,121.6,121.6
7,131,1.12,121.8,121.8
7,132,1.12,122.0,122.0
7,133,1.13,122.2,122.2
7,134,1.13,122.3,122.3
7,135,1.13,122.4,122.4
7,136,1.12,122.4,122.4
7,137,1.12,122.5,122.5
8,138,1.12,122.5,122.2
8,139,1.13,122.5,122.3
8,140,1.12,122.6,122.3
8,141,1.12,122.6,122.2
8,142,1.13,122.6,122.4
8,143,1.12,122.6,122.3
8,144,1.13,122.6,122.4
8,145,1.12,122.6,122.3
8,146,1.12,122.6,122.2
8,147,1.12,122.6,122.1
8,148,1.13,122.6,122.3
8,149,1.12,122.6,122.3
8,150,1.12,122.6,122.2
8,151,1.12,122.6,122.2
8,152,1.13,122.6,122.3
8,153,1.13,122.6,122.3
8,154,1.12,122.6,122.2
8,155,1.13,122.6,122.3
8,156,1.12,122.6,122.2
8,157,1.12,122.6,122.2
8,158,1.12,122.6,122.2
8,159,1.13,122.6,122.3
8,160,1.12,122.6,122.3
8,161,1.12,122.6,122.3
8,162,1.12,122.6,122.3
8,163,1.13,122.6,122.3
8,164,1.13,122.6,122.3
8,165,1.12,122.6,122.3
8,166,1.12,122.6,122.2
8,167,1.12,122.6,122.2
8,168,1.12,122.6,122.2
8,169,1.12,122.6,122.2
8,170,1.13,122.6,122.4
8,171,1.13,122.6,122.4
8,172,1.13,122.6,122.3
8,173,1.13,122.6,122.3
8,174,1.12,122.6,122.3
8,175,1.12,122.6,122.2
8,176,1.12,122.6,122.2
8,177,1.13,122.6,122.4
8,178,1.13,122.6,122.3
8,179,1.13,122.6,122.3
8,180,1.13,122.6,122.3
8,181,1.12,122.6,122.3
8,182,1.12,122.6,122.3
8,183,1.13,122.6,122.3
8,184,1.12,122.6,122.3
8,185,1.12,122.6,122.2
8,186,1.13,122.6,122.4
8,187,1.13,122.6,122.4
8,188,1.13,122.6,122.3
8,189,1.13,122.6,122.3
8,190,1.12,122.6,122.2
8,191,1.12,122.6,122.2
8,192,1.12,122.6,122.2
8,193,1.13,122.6,122.3
8,194,1.13,122.6,122.4
8,195,1.13,122.6,122.4
8,196,1.13,122.7,122.3
8,197,1.13,122.7,122.3
8,198,1.12,122.7,122.3
8,199,1.12,122.7,122.2
8,200,1.12,122.6,122.2
8,201,1.12,122.6,122.3
8,202,1.12,122.6,122.3
8,203,1.12,122.6,122.2
8,204,1.13,122.6,122.4
8,205,1.13,122.6,122.3
8,206,1.13,122.6,122.3
8,207,1.13,122.6,122.3
8,208,1.12,122.6,122.3
8,209,1.12,122.6,122.2
8,210,1.13,122.6,122.3
8,211,1.12,122.6,122.3
8,212,1.12,122.6,122.2
8,213,1.12,122.6,122.3
8,214,1.13,122.6,122.3
8,215,1.12,122.6,122.2
8,216,1.12,122.6,122.2
8,217,1.12,122.6,122.2
8,218,1.13,122.6,122.3
8,219,1.12,122.6,122.2
8,220,1.12,122.6,122.2
8,221,1.12,122.6,122.3
8,222,1.12,122.6,122.3
8,223,1.12,122.6,122.2
8,224,1.12,122.6,122.3
8,225,1.12,122.6,122.2
8,226,1.12,122.6,122.2
8,227,1.12,122.6,122.2
8,228,1.13,122.6,122.3
8,229,1.12,122.6,122.3
8,230,1.12,122.6,122.3
8,231,1.12,122.6,122.2
8,232,1.12,122.6,122.2
8,233,1.13,122.6,122.3
8,234,1.13,122.6,122.3
8,235,1.13,122.6,122.3
8,236,1.13,122.6,122.3
8,237,1.13,122.6,122.3
8,238,1.12,122.6,122.3
8,239,1.12,122.6,122.2
8,240,1.12,122.6,122.2
8,241,1.13,122.6,122.3
8,242,1.13,122.6,122.3
8,243,1.13,122.6,122.3
8,244,1.12,122.6,122.2
8,245,1.12,122.6,122.2
8,246,1.13,122.6,122.3
8,247,1.13,122.6,122.3
8,248,1.13,122.6,122.3
8,249,1.12,122.6,122.3
8,250,1.12,122.6,122.2
8,251,1.12,122.6,122.2
8,252,1.12,122.6,122.2
8,253,1.12,122.6,122.2
8,254,1.13,122.6,122.3
8,255,1.13,122.6,122.3
8,256,1.12,122.6,122.3
8,257,1.12,122.6,122.3
8,258,1.12,122.6,122.2
8,259,1.12,122.6,122.2
8,260,1.12,122.6,122.2
8,261,1.12,122.6,122.2
8,262,1.12,122.6,122.2
8,263,1.12,122.6,122.3
8,264,1.12,122.6,122.2
8,265,1.13,122.6,122.3
8,266,1.13,122.6,122.4
8,267,1.13,122.6,122.3
8,268,1.13,122.6,122.3
8,269,1.12,122.6,122.3
8,270,1.12,122.6,122.2
8,271,1.12,122.6,122.2
8,272,1.12,122.6,122.2
8,273,1.12,122.6,122.2
8,274,1.13,122.6,122.3
8,275,1.13,122.6,122.3
8,276,1.12,122.6,122.2
8,277,1.12,122.6,122.3
8,278,1.12,122.6,122.2
8,279,1.13,122.6,122.3
8,280,1.13,122.6,122.3
8,281,1.12,122.6,122.3
8,282,1.12,122.6,122.2
8,283,1.12,122.6,122.3
8,284,1.12,122.6,122.2
8,285,1.12,122.6,122.3
8,286,1.12,122.6,122.2
8,287,1.12,122.6,122.3
8,288,1.12,122.6,122.2
8,289,1.12,122.6,122.2
8,290,1.13,122.6,122.4
8,291,1.13,122.6,122.3
8,292,1.13,122.6,122.3
8,293,1.13,122.6,122.3
8,294,1.12,122.6,122.2
8,295,1.12,122.6,122.2
8,296,1.12,122.6,122.2
8,297,1.13,122.6,122.3
8,298,1.12,122.6,122.3
8,299,1.12,122.6,122.3
8,300,1.12,122.6,122.3
8,301,1.12,122.6,122.2
8,302,1.12,122.6,122.2
8,303,1.13,122.6,122.3
8,304,1.13,122.6,122.3
8,305,1.13,122.6,122.3
8,306,1.12,122.6,122.3
8,307,1.12,122.6,122.2
8,308,1.13,122.6,122.3
8,309,1.12,122.6,122.3
8,310,1.12,122.6,122.2
8,311,1.12,122.6,122.2
8,312,1.12,122.6,122.3
8,313,1.12,122.6,122.2
8,314,1.12,122.6,122.3
8,315,1.12,122.6,122.3
8,316,1.12,122.6,122.2
8,317,1.12,122.6,122.2
8,318,1.12,122.6,122.2
8,319,1.13,122.6,122.3
8,320,1.12,122.6,122.2
8,321,1.12,122.6,122.2
8,322,1.12,122.6,122.2
8,323,1.12,122.6,122.2
8,324,1.13,122.6,122.4
8,325,1.13,122.6,122.3
8,326,1.13,122.6,122.3
8,327,1.12,122.6,122.3
8,328,1.12,122.6,122.2
8,329,1.12,122.6,122.2
8,330,1.12,122.6,122.2
8,331,1.12,122.6,122.2
8,332,1.13,122.6,122.4
8,333,1.13,122.6,122.4
8,334,1.13,122.6,122.4
8,335,1.13,122.6,122.4
8,336,1.13,122.6,122.3
8,337,1.12,122.6,122.3
8,338,1.12,122.6,122.3
8,339,1.12,122.6,122.2
8,340,1.12,122.6,122.2
8,341,1.12,122.6,122.2
8,342,1.12,122.6,122.2
8,343,1.12,122.6,122.2
8,344,1.13,122.6,122.3
8,345,1.13,122.6,122.3
8,346,1.12,122.6,122.3
8,347,1.12,122.6,122.3
8,348,1.12,122.6,122.2
8,349,1.12,122.6,122.2
8,350,1.12,122.6,122.2
8,351,1.12,122.6,122.2
8,352,1.13,122.6,122.4
8,353,1.13,122.6,122.4
8,354,1.13,122.6,122.4
8,355,1.13,122.6,122.3
8,356,1.13,122.6,122.3
8,357,1.13,122.6,122.3
8,358,1.12,122.6,122.2
8,359,1.12,122.6,122.2
8,360,1.12,122.6,122.2
8,361,1.12,122.6,122.2
8,362,1.12,122.6,122.2
8,363,1.12,122.6,122.2
8,364,1.13,122.6,122.3
8,365,1.13,122.6,122.3
8,366,1.13,122.6,122.3
8,367,1.12,122.6,122.3
8,368,1.12,122.6,122.2
8,369,1.12,122.6,122.2
8,370,1.12,122.6,122.2
8,371,1.12,122.5,122.2
8,372,1.12,122.5,122.3
8,373,1.12,122.5,122.2
8,374,1.12,122.5,122.2
8,375,1.13,122.5,122.4
8,376,1.13,122.6,122.4
8,377,1.13,122.6,122.3
8,378,1.13,122.6,122.3
8,379,1.13,122.6,122.3
8,380,1.12,122.6,122.3
8,381,1.12,122.6,122.3
8,382,1.12,122.6,122.2
8,383,1.12,122.6,122.3
8,384,1.13,122.6,122.3
8,385,1.12,122.6,122.2
8,386,1.12,122.6,122.2
8,387,1.12,122.6,122.2
8,388,1.13,122.5,122.3
8,389,1.13,122.6,122.3
8,390,1.12,122.6,122.3
8,391,1.12,122.6,122.3
8,392,1.12,122.6,122.2
8,393,1.12,122.6,122.2
8,394,1.12,122.6,122.2
8,395,1.13,122.5,122.4
8,396,1.13,122.5,122.4
8,397,1.13,122.6,122.3
8,398,1.13,122.6,122.3
8,399,1.12,122.6,122.3
8,400,1.13,122.6,122.3
8,401,1.12,122.6,122.2
8,402,1.12,122.6,122.2
8,403,1.12,122.6,122.2
8,404,1.13,122.5,122.4
8,405,1.13,122.5,122.4
8,406,1.13,122.6,122.3
8,407,1.12,122.6,122.3
8,408,1.12,122.6,122.3
8,409,1.12,122.6,122.2
8,410,1.12,122.6,122.2
8,411,1.12,122.5,122.2
8,412,1.13,122.5,122.3
8,413,1.13,122.6,122.3
8,414,1.13,122.6,122.3
8,415,1.12,122.6,122.2
8,416,1.12,122.6,122.2
8,417,1.12,122.6,122.2
8,418,1.12,122.5,122.2
8,419,1.13,122.5,122.4
8,420,1.13,122.6,122.4
8,421,1.13,122.6,122.4
8,422,1.13,122.6,122.3
8,423,1.13,122.6,122.3
8,424,1.13,122.6,122.3
8,425,1.12,122.6,122.3
8,426,1.12,122.6,122.2
8,427,1.12,122.6,122.2
8,428,1.14,122.6,122.4
8,429,1.13,122.6,122.4
8,430,1.13,122.6,122.4
8,431,1.13,122.6,122.4
8,432,1.13,122.6,122.3
8,433,1.13,122.6,122.3
8,434,1.13,122.6,122.3
8,435,1.12,122.6,122.3
8,436,1.12,122.6,122.2
8,437,1.12,122.6,122.2
8,438,1.12,122.6,122.3
8,439,1.12,122.6,122.2
8,440,1.12,122.6,122.2
8,441,1.12,122.6,122.3
8,442,1.12,122.6,122.2
8,443,1.12,122.6,122.3
8,444,1.12,122.6,122.2
8,445,1.12,122.6,122.3
8,446,1.12,122.6,122.2
8,447,1.12,122.6,122.2
8,448,1.12,122.6,122.2
8,449,1.12,122.5,122.2
8,450,1.12,122.6,122.2
8,451,1.12,122.5,122.2
8,452,1.13,122.5,122.3
8,453,1.13,122.6,122.3
8,454,1.13,122.6,122.3
8,455,1.12,122.6,122.3
8,456,1.12,122.6,122.2
8,457,1.12,122.6,122.2
8,458,1.12,122.5,122.2
8,459,1.12,122.5,122.3
8,460,1.12,122.5,122.3
8,461,1.12,122.5,122.2
8,462,1.12,122.5,122.2
8,463,1.12,122.5,122.3
8,464,1.12,122.5,122.3
8,465,1.12,122.5,122.2
8,466,1.12,122.5,122.2
8,467,1.12,122.5,122.2
8,468,1.12,122.5,122.2
8,469,1.12,122.5,122.3
8,470,1.13,122.5,122.3
8,471,1.12,122.5,122.3
8,472,1.13,122.5,122.3
8,473,1.12,122.5,122.3
8,474,1.12,122.5,122.2
8,475,1.12,122.5,122.2
8,476,1.12,122.5,122.2
8,477,1.13,122.5,122.4
8,478,1.13,122.6,122.4
8,479,1.13,122.6,122.4
8,480,1.13,122.6,122.3
8,481,1.13,122.6,122.3
8,482,1.13,122.6,122.3
8,483,1.12,122.6,122.3
8,484,1.13,122.6,122.3
8,485,1.12,122.6,122.2
8,486,1.12,122.5,122.2
8,487,1.12,122.5,122.2
8,488,1.12,122.5,122.2
8,489,1.12,122.5,122.2
8,490,1.12,122.5,122.2
8,491,1.12,122.5,122.2
8,492,1.13,122.5,122.3
8,493,1.12,122.5,122.3
8,494,1.13,122.5,122.3
8,495,1.12,122.6,122.3
8,496,1.12,122.6,122.3
8,497,1.12,122.6,122.2
8,498,1.12,122.5,122.2
8,499,1.12,122.5,122.3
8,500,1.12,122.5,122.3
8,501,1.13,122.5,122.3
8,502,1.12,122.5,122.2
8,503,1.12,122.5,122.2
8,504,1.12,122.5,122.2
8,505,1.12,122.5,122.2
8,506,1.12,122.5,122.2
8,507,1.12,122.5,122.2
8,508,1.12,122.5,122.2
8,509,1.12,122.5,122.3
8,510,1.12,122.5,122.2
8,511,1.12,122.5,122.2
8,512,1.12,122.5,122.2
8,513,1.12,122.5,122.3
8,514,1.12,122.5,122.2
8,515,1.12,122.5,122.2
8,516,1.12,122.5,122.2
8,517,1.13,122.5,122.3
8,518,1.13,122.5,122.3
8,519,1.13,122.5,122.3
8,520,1.13,122.5,122.3
8,521,1.12,122.5,122.2
8,522,1.12,122.5,122.2
8,523,1.12,122.5,122.2
8,524,1.13,122.5,122.4
8,525,1.13,122.5,122.4
8,526,1.13,122.5,122.3
8,527,1.13,122.6,122.3
8,528,1.13,122.6,122.3
8,529,1.13,122.6,122.3
8,530,1.13,122.6,122.3
8,531,1.12,122.5,122.3
8,532,1.12,122.5,122.2
8,533,1.12,122.5,122.2
8,534,1.12,122.5,122.2
8,535,1.12,122.5,122.3
8,536,1.13,122.5,122.3
8,537,1.12,122.5,122.3
8,538,1.12,122.5,122.2
8,539,1.12,122.5,122.3
8,540,1.12,122.5,122.3
8,541,1.12,122.5,122.3
8,542,1.12,122.5,122.3
8,543,1.12,122.5,122.2
8,544,1.12,122.5,122.2
8,545,1.12,122.5,122.3
8,546,1.12,122.5,122.2
8,547,1.12,122.5,122.2
8,548,1.12,122.5,122.3
8,549,1.12,122.5,122.2
8,550,1.13,122.5,122.3
8,551,1.12,122.5,122.2
8,552,1.13,122.5,122.3
8,553,1.12,122.5,122.2
8,554,1.12,122.5,122.2
8,555,1.14,122.5,122.5
8,556,1.13,122.5,122.4
8,557,1.13,122.5,122.4
8,558,1.13,122.6,122.4
8,559,1.13,122.6,122.3
8,560,1.13,122.6,122.3
8,561,1.13,122.6,122.3
8,562,1.13,122.6,122.3
8,563,1.12,122.5,122.2
8,564,1.12,122.5,122.3
8,565,1.12,122.5,122.2
8,566,1.12,122.5,122.3
8,567,1.12,122.5,122.3
8,568,1.12,122.5,122.2
8,569,1.12,122.5,122.2
8,570,1.12,122.5,122.2
8,571,1.12,122.5,122.2
8,572,1.13,122.5,122.3
8,573,1.13,122.5,122.3
8,574,1.13,122.5,122.3
8,575,1.12,122.5,122.2
8,576,1.12,122.5,122.3
8,577,1.12,122.5,122.2
8,578,1.12,122.5,122.2
8,579,1.12,122.5,122.2
8,580,1.12,122.5,122.2
8,581,1.13,122.5,122.4
8,582,1.13,122.5,122.4
8,583,1.13,122.5,122.4
8,584,1.13,122.5,122.3
8,585,1.12,122.6,122.3
8,586,1.12,122.6,122.3
8,587,1.12,122.5,122.3
8,588,1.12,122.5,122.2
8,589,1.12,122.5,122.2
8,590,1.12,122.5,122.2
8,591,1.12,122.5,122.3
8,592,1.12,122.5,122.2
8,593,1.12,122.5,122.2
8,594,1.12,122.5,122.2
8,595,1.12,122.5,122.2
8,596,1.12,122.5,122.3
8,597,1.13,122.5,122.3
8,598,1.13,122.5,122.3
8,599,1.12,122.5,122.3
8,600,1.13,122.5,122.3
8,601,1.12,122.5,122.3
8,602,1.12,122.5,122.3
8,603,1.12,122.5,122.3
8,604,1.12,122.5,122.3
8,605,1.12,122.5,122.2
8,606,1.12,122.5,122.2
8,607,1.12,122.5,122.2
8,608,1.12,122.5,122.3
8,609,1.12,122.5,122.3
8,610,1.12,122.5,122.2
8,611,1.12,122.5,122.3
8,612,1.12,122.5,122.2
8,613,1.12,122.5,122.2
8,614,1.12,122.5,122.2
8,615,1.12,122.5,122.2
8,616,1.12,122.5,122.2
8,617,1.13,122.5,122.3
8,618,1.13,122.5,122.3
8,619,1.12,122.5,122.2
8,620,1.13,122.5,122.3
8,621,1.12,122.5,122.2
8,622,1.12,122.5,122.2
8,623,1.12,122.5,122.2
8,624,1.13,122.5,122.4
8,625,1.13,122.5,122.3
8,626,1.13,122.5,122.3
8,627,1.13,122.5,122.3
8,628,1.13,122.5,122.3
8,629,1.13,122.5,122.3
8,630,1.12,122.5,122.2
8,631,1.12,122.5,122.3
8,632,1.12,122.5,122.3
8,633,1.12,122.5,122.3
8,634,1.12,122.5,122.3
8,635,1.12,122.5,122.3
8,636,1.12,122.5,122.3
8,637,1.12,122.5,122.2
8,638,1.12,122.5,122.2
8,639,1.12,122.5,122.2
8,640,1.12,122.5,122.2
8,641,1.13,122.5,122.3
8,642,1.12,122.5,122.3
8,643,1.12,122.5,122.3
8,644,1.12,122.5,122.2
8,645,1.12,122.5,122.3
8,646,1.12,122.5,122.2
8,647,1.12,122.5,122.2
8,648,1.12,122.5,122.2
8,649,1.12,122.5,122.2
8,650,1.12,122.5,122.3
8,651,1.12,122.5,122.2
8,652,1.14,122.5,122.4
8,653,1.13,122.5,122.4
8,654,1.13,122.5,122.4
8,655,1.13,122.5,122.3
8,656,1.13,122.6,122.3
8,657,1.13,122.6,122.3
8,658,1.13,122.5,122.3
8,659,1.12,122.5,122.3
8,660,1.12,122.5,122.3
8,661,1.12,122.5,122.2
8,662,1.12,122.5,122.2
8,663,1.12,122.5,122.3
8,664,1.12,122.5,122.2
8,665,1.12,122.5,122.2
8,666,1.12,122.5,122.2
8,667,1.12,122.5,122.2
8,668,1.13,122.5,122.3
8,669,1.13,122.5,122.3
8,670,1.13,122.5,122.3
8,671,1.12,122.5,122.3
8,672,1.13,122.5,122.3
8,673,1.12,122.5,122.3
8,674,1.12,122.5,122.3
8,675,1.12,122.5,122.3
8,676,1.12,122.5,122.2
8,677,1.12,122.5,122.3
8,678,1.12,122.5,122.2
8,679,1.12,122.5,122.3
8,680,1.12,122.5,122.2
8,681,1.12,122.5,122.2
8,682,1.12,122.5,122.2
8,683,1.12,122.5,122.2
8,684,1.12,122.5,122.3
8,685,1.12,122.5,122.2
8,686,1.12,122.5,122.2
8,687,1.12,122.5,122.2
8,688,1.12,122.5,122.2
8,689,1.12,122.5,122.3
8,690,1.12,122.5,122.2
8,691,1.12,122.5,122.2
8,692,1.12,122.5,122.3
8,693,1.12,122.5,122.3
8,694,1.12,122.5,122.3
8,695,1.12,122.5,122.2
8,696,1.12,122.5,122.2
8,697,1.12,122.5,122.2
8,698,1.12,122.5,122.2
8,699,1.13,122.5,122.3
8,700,1.13,122.5,122.3
8,701,1.12,122.5,122.3
8,702,1.12,122.5,122.2
8,703,1.12,122.5,122.3
8,704,1.12,122.5,122.3
8,705,1.12,122.5,122.2
8,706,1.12,122.5,122.2
8,707,1.12,122.5,122.2
8,708,1.13,122.5,122.4
8,709,1.13,122.5,122.3
8,710,1.13,122.5,122.3
8,711,1.13,122.5,122.3
8,712,1.12,122.5,122.3
8,713,1.12,122.5,122.3
8,714,1.12,122.5,122.3
8,715,1.14,122.5,122.4
8,716,1.13,122.5,122.4
8,717,1.13,122.5,122.4
8,718,1.13,122.6,122.3
8,719,1.13,122.6,122.3
8,720,1.13,122.6,122.3
8,721,1.13,122.6,122.3
8,722,1.12,122.5,122.2
8,723,1.12,122.5,122.2
8,724,1.12,122.5,122.3
8,725,1.12,122.5,122.2
8,726,1.12,122.5,122.3
8,727,1.12,122.5,122.2
8,728,1.12,122.5,122.2
8,729,1.12,122.5,122.2
8,730,1.12,122.5,122.2
8,731,1.12,122.5,122.2
8,732,1.13,122.5,122.4
8,733,1.13,122.5,122.4
8,734,1.13,122.5,122.4
8,735,1.13,122.6,122.3
8,736,1.13,122.6,122.3
8,737,1.13,122.6,122.3
8,738,1.12,122.6,122.3
8,739,1.12,122.6,122.3
8,740,1.12,122.5,122.3
8,741,1.12,122.5,122.2
8,742,1.12,122.5,122.2
8,743,1.13,122.5,122.4
8,744,1.13,122.5,122.3
8,745,1.13,122.5,122.3
8,746,1.12,122.5,122.2
8,747,1.12,122.5,122.3
8,748,1.12,122.5,122.2
8,749,1.12,122.5,122.2
8,750,1.12,122.5,122.2
8,751,1.12,122.5,122.2
8,752,1.13,122.5,122.3
8,753,1.12,122.5,122.3
8,754,1.12,122.5,122.2
8,755,1.12,122.5,122.3
8,756,1.12,122.5,122.2
8,757,1.12,122.5,122.2
8,758,1.12,122.5,122.2
8,759,1.14,122.5,122.5
8,760,1.13,122.5,122.4
8,761,1.13,122.5,122.4
8,762,1.13,122.5,122.3
8,763,1.13,122.6,122.4
8,764,1.13,122.6,122.3
8,765,1.13,122.6,122.3
8,766,1.12,122.6,122.2
8,767,1.12,122.5,122.2
8,768,1.12,122.5,122.3
8,769,1.12,122.5,122.2
8,770,1.12,122.5,122.2
8,771,1.12,122.5,122.2
8,772,1.12,122.5,122.3
8,773,1.12,122.5,122.3
8,774,1.12,122.5,122.2
8,775,1.12,122.5,122.3
8,776,1.12,122.5,122.3
8,777,1.12,122.5,122.3
8,778,1.12,122.5,122.2
8,779,1.13,122.5,122.3
8,780,1.13,122.6,122.3
8,781,1.13,122.6,122.3
8,782,1.13,122.6,122.3
8,783,1.12,122.6,122.2
8,784,1.12,122.5,122.2
8,785,1.12,122.5,122.2
8,786,1.12,122.5,122.2
8,787,1.12,122.5,122.2
8,788,1.13,122.5,122.3
8,789,1.13,122.5,122.3
8,790,1.12,122.5,122.2
8,791,1.12,122.5,122.3
8,792,1.12,122.5,122.2
8,793,1.12,122.5,122.2
8,794,1.13,122.5,122.4
8,795,1.13,122.5,122.3
8,796,1.13,122.6,122.4
8,797,1.13,122.6,122.3
8,798,1.12,122.6,122.3
8,799,1.12,122.6,122.3
8,800,1.12,122.6,122.2
8,801,1.12,122.5,122.2
8,802,1.12,122.5,122.2
8,803,1.12,122.5,122.2
8,804,1.13,122.5,122.3
8,805,1.12,122.5,122.2
8,806,1.12,122.5,122.3
8,807,1.12,122.5,122.3
8,808,1.12,122.5,122.3
8,809,1.12,122.5,122.2
8,810,1.12,122.5,122.2
8,811,1.12,122.5,122.2
8,812,1.12,122.5,122.2
8,813,1.12,122.5,122.2
8,814,1.12,122.5,122.3
8,815,1.12,122.5,122.3
8,816,1.13,122.5,122.3
8,817,1.12,122.5,122.3
8,818,1.12,122.5,122.2
8,819,1.12,122.5,122.2
8,820,1.12,122.5,122.2
8,821,1.12,122.5,122.2
8,822,1.12,122.5,122.2
8,823,1.12,122.5,122.3
8,824,1.12,122.5,122.2
8,825,1.12,122.5,122.3
8,826,1.13,122.5,122.4
8,827,1.13,122.5,122.3
8,828,1.13,122.5,122.3
8,829,1.12,122.5,122.2
8,830,1.12,122.5,122.2
8,831,1.12,122.5,122.2
8,832,1.12,122.5,122.2
8,833,1.12,122.5,122.2
8,834,1.12,122.5,122.3
8,835,1.12,122.5,122.2
8,836,1.12,122.5,122.2
8,837,1.13,122.5,122.3
8,838,1.13,122.5,122.3
8,839,1.13,122.5,122.3
8,840,1.13,122.6,122.3
8,841,1.12,122.6,122.2
8,842,1.12,122.6,122.2
8,843,1.12,122.6,122.2
8,844,1.13,122.5,122.3
8,845,1.13,122.5,122.3
8,846,1.12,122.5,122.2
8,847,1.12,122.5,122.2
8,848,1.12,122.5,122.2
8,849,1.12,122.5,122.2
8,850,1.13,122.5,122.3
8,851,1.13,122.6,122.3
8,852,1.13,122.6,122.3
8,853,1.13,122.6,122.3
8,854,1.12,122.6,122.3
8,855,1.12,122.6,122.2
8,856,1.12,122.6,122.3
8,857,1.13,122.6,122.3
8,858,1.12,122.6,122.3
8,859,1.12,122.6,122.2
8,860,1.12,122.6,122.2
8,861,1.12,122.6,122.2
8,862,1.12,122.6,122.2
8,863,1.12,122.5,122.2
8,864,1.12,122.5,122.3
8,865,1.12,122.5,122.2
8,866,1.14,122.5,122.5
8,867,1.13,122.5,122.4
8,868,1.13,122.6,122.3
8,869,1.13,122.6,122.3
8,870,1.13,122.6,122.3
8,871,1.12,122.6,122.2
8,872,1.12,122.6,122.2
8,873,1.12,122.5,122.2
8,874,1.13,122.5,122.4
8,875,1.13,122.5,122.3
8,876,1.13,122.5,122.3
8,877,1.12,122.5,122.3
8,878,1.12,122.5,122.2
8,879,1.12,122.5,122.2
8,880,1.12,122.5,122.2
8,881,1.13,122.5,122.4
8,882,1.13,122.5,122.3
8,883,1.13,122.5,122.3
8,884,1.12,122.5,122.2
8,885,1.12,122.5,122.2
8,886,1.12,122.5,122.3
8,887,1.12,122.5,122.2
8,888,1.12,122.5,122.2
8,889,1.12,122.5,122.2
8,890,1.13,122.5,122.3
8,891,1.13,122.5,122.3
8,892,1.12,122.5,122.3
8,893,1.12,122.5,122.3
8,894,1.12,122.5,122.2
8,895,1.12,122.5,122.2
8,896,1.12,122.5,122.2
8,897,1.13,122.5,122.4
8,898,1.13,122.5,122.4
8,899,1.13,122.5,122.3
8,900,1.13,122.6,122.3
8,901,1.12,122.6,122.3
8,902,1.12,122.6,122.2
8,903,1.12,122.6,122.2
8,904,1.12,122.6,122.2
8,905,1.12,122.5,122.2
8,906,1.12,122.5,122.2
8,907,1.12,122.5,122.2
8,908,1.12,122.5,122.3
8,909,1.12,122.5,122.3
8,910,1.12,122.5,122.3
8,911,1.12,122.5,122.2
8,912,1.12,122.5,122.3
8,913,1.12,122.5,122.2
8,914,1.12,122.5,122.2
8,915,1.12,122.5,122.2
8,916,1.12,122.5,122.2
8,917,1.13,122.5,122.3
8,918,1.12,122.5,122.2
8,919,1.13,122.5,122.3
8,920,1.12,122.5,122.2
8,921,1.12,122.5,122.3
8,922,1.12,122.5,122.2
8,923,1.12,122.5,122.2
8,924,1.12,122.5,122.2
8,925,1.13,122.5,122.3
8,926,1.13,122.5,122.3
8,927,1.13,122.5,122.3
8,928,1.13,122.5,122.3
8,929,1.13,122.5,122.3
8,930,1.12,122.5,122.3
8,931,1.12,122.5,122.3
8,932,1.12,122.5,122.2
8,933,1.12,122.5,122.3
8,934,1.12,122.5,122.2
8,935,1.12,122.5,122.2
8,936,1.12,122.5,122.2
8,937,1.14,122.5,122.5
8,938,1.14,122.5,122.4
8,939,1.13,122.5,122.4
8,940,1.13,122.6,122.4
8,941,1.13,122.6,122.4
8,942,1.13,122.6,122.3
8,943,1.13,122.6,122.3
8,944,1.13,122.6,122.3
8,945,1.13,122.6,122.3
8,946,1.13,122.6,122.3
8,947,1.13,122.6,122.3
8,948,1.12,122.6,122.2
8,949,1.12,122.5,122.3
8,950,1.12,122.5,122.2
8,951,1.12,122.5,122.2
8,952,1.13,122.5,122.3
8,953,1.12,122.5,122.3
8,954,1.13,122.5,122.3
8,955,1.12,122.5,122.2
8,956,1.12,122.5,122.3
8,957,1.12,122.5,122.2
8,958,1.12,122.5,122.2
8,959,1.12,122.5,122.2
8,960,1.12,122.5,122.2
8,961,1.13,122.5,122.4
8,962,1.13,122.5,122.4
8,963,1.13,122.5,122.4
8,964,1.13,122.6,122.3
8,965,1.13,122.6,122.3
8,966,1.13,122.6,122.3
8,967,1.13,122.6,122.3
8,968,1.12,122.6,122.3
8,969,1.12,122.5,122.3
8,970,1.12,122.5,122.3
8,971,1.12,122.5,122.2
8,972,1.12,122.5,122.2
8,973,1.12,122.5,122.2
8,974,1.12,122.5,122.3
8,975,1.12,122.5,122.2
8,976,1.12,122.5,122.2
8,977,1.12,122.5,122.3
8,978,1.12,122.5,122.3
8,979,1.12,122.5,122.3
8,980,1.12,122.5,122.2
8,981,1.12,122.5,122.3
8,982,1.12,122.5,122.2
8,983,1.12,122.5,122.2
8,984,1.12,122.5,122.2
8,985,1.12,122.5,122.2
8,986,1.12,122.5,122.2
8,987,1.12,122.5,122.2
8,988,1.13,122.5,122.4
8,989,1.13,122.5,122.4
8,990,1.13,122.5,122.4
8,991,1.13,122.5,122.3
8,992,1.13,122.6,122.3
8,993,1.13,122.6,122.3
8,994,1.12,122.6,122.3
8,995,1.12,122.6,122.2
8,996,1.12,122.5,122.2
8,997,1.12,122.5,122.3
8,998,1.12,122.5,122.2
8,999,1.12,122.5,122.3
8,1000,1.12,122.5,122.2
8,1001,1.12,122.5,122.3
8,1002,1.12,122.5,122.3
8,1003,1.12,122.5,122.2
8,1004,1.12,122.5,122.2
8,1005,1.12,122.5,122.2
8,1006,1.12,122.5,122.2
8,1007,1.12,122.5,122.2
8,1008,1.12,122.5,122.2
8,1009,1.12,122.5,122.2
8,1010,1.13,122.5,122.3
8,1011,1.13,122.5,122.3
8,1012,1.13,122.5,122.3
8,1013,1.13,122.6,122.3
8,1014,1.12,122.6,122.2
8,1015,1.12,122.6,122.3
8,1016,1.12,122.6,122.2
8,1017,1.12,122.5,122.2
8,1018,1.12,122.5,122.2
8,1019,1.13,122.5,122.3
8,1020,1.13,122.5,122.3
8,1021,1.12,122.5,122.2
8,1022,1.12,122.5,122.2
8,1023,1.12,122.5,122.2
8,1024,1.12,122.5,122.2
8,1025,1.12,122.5,122.2
8,1026,1.12,122.5,122.2
8,1027,1.12,122.5,122.2
8,1028,1.12,122.5,122.2
8,1029,1.12,122.5,122.2
8,1030,1.12,122.5,122.2
8,1031,1.12,122.5,122.2
8,1032,1.13,122.5,122.4
8,1033,1.13,122.5,122.3
8,1034,1.13,122.6,122.3
8,1035,1.13,122.6,122.3
8,1036,1.13,122.6,122.3
8,1037,1.13,122.6,122.3
8,1038,1.12,122.6,122.3
8,1039,1.13,122.6,122.3
8,1040,1.12,122.6,122.3
8,1041,1.12,122.6,122.2
8,1042,1.12,122.5,122.2
8,1043,1.12,122.5,122.2
8,1044,1.12,122.5,122.2
8,1045,1.13,122.5,122.4
8,1046,1.13,122.5,122.3
8,1047,1.13,122.6,122.3
8,1048,1.13,122.6,122.3
8,1049,1.13,122.6,122.3
8,1050,1.13,122.6,122.3
8,1051,1.13,122.6,122.3
8,1052,1.13,122.6,122.3
8,1053,1.12,122.5,122.3
9,1054,1.03,122.5,122.5
9,1055,0.98,122.4,122.4
9,1056,0.92,122.1,122.1
9,1057,0.88,121.7,121.7
9,1058,0.85,121.2,121.2
9,1059,0.81,120.7,120.7
9,1060,0.77,120.1,120.1
9,1061,0.74,119.5,119.5
9,1062,0.71,118.9,118.9
9,1063,0.67,118.3,118.3
9,1064,0.64,117.7,117.7
9,1065,0.61,117.1,117.1
9,1066,0.58,116.4,116.4
9,1067,0.55,115.9,115.9
9,1068,0.52,115.3,115.3
9,1069,0.50,114.8,114.8
9,1070,0.47,114.2,114.2
9,1071,0.44,113.6,113.6
9,1072,0.42,113.1,113.1
9,1073,0.40,112.6,112.6
9,1074,0.38,112.1,112.1
9,1075,0.35,111.6,111.6
9,1076,0.33,111.1,111.1
9,1077,0.31,110.6,110.6
9,1078,0.29,110.1,110.1
9,1079,0.27,109.7,109.7
9,1080,0.26,109.3,109.3
9,1081,0.24,108.9,108.9
9,1082,0.21,108.5,108.5
9,1083,0.19,108.1,108.1
9,1084,0.18,107.8,107.8
9,1085,0.16,107.4,107.4
9,1086,0.15,107.1,107.1
9,1087,0.13,106.7,106.7
9,1088,0.12,106.3,106.3
9,1089,0.11,106.0,106.0
9,1090,0.09,105.7,105.7
9,1091,0.04,105.4,105.4
9,1092,0.00,105.0,105.0
9,1093,-0.02,104.5,104.5
9,1094,-0.05,104.0,104.0
9,1095,-0.07,103.5,103.5
9,1096,-0.10,102.9,102.9
9,1097,-0.13,102.2,102.2
9,1098,-0.14,101.5,101.5
9,1099,-0.17,100.9,100.9
9,1100,-0.18,100.2,100.2
9,1101,-0.20,99.6,99.6
9,1102,-0.22,99.0,99.0
9,1103,-0.23,98.3,98.3
9,1104,-0.25,97.8,97.8
9,1105,-0.26,97.2,97.2
9,1106,-0.27,96.6,96.6
9,1107,-0.29,96.1,96.1
9,1108,-0.30,95.6,95.6
9,1109,-0.31,95.1,95.1
9,1110,-0.32,94.6,94.6
9,1111,-0.33,94.1,94.1
9,1112,-0.34,93.7,93.7
9,1113,-0.35,93.2,93.2
9,1114,-0.35,92.8,92.8
9,1115,-0.37,92.4,92.4
9,1116,-0.37,92.0,92.0
9,1117,-0.38,91.6,91.6
9,1118,-0.39,91.2,91.2
9,1119,-0.40,90.8,90.8
9,1120,-0.41,90.5,90.5
9,1121,-0.42,90.1,90.1
9,1122,-0.43,89.8,89.8
10,1123,-0.44,89.4,89.4
10,1124,-0.44,89.0,89.0
10,1125,-0.45,88.7,88.7
10,1126,-0.46,88.3,88.3
10,1127,-0.46,88.0,88.0
10,1128,-0.47,87.6,87.6
10,1129,-0.47,87.3,87.3
10,1130,-0.48,87.0,87.0
10,1131,-0.49,86.7,86.7
10,1132,-0.49,86.4,86.4
10,1133,-0.50,86.1,86.1
10,1134,-0.50,85.8,85.8
10,1135,-0.51,85.5,85.5
10,1136,-0.51,85.1,85.1
10,1137,-0.52,84.8,84.8
10,1138,-0.53,84.6,84.6
10,1139,-0.53,84.4,84.4
10,1140,-0.53,84.1,84.1
10,1141,-0.54,83.9,83.9
10,1142,-0.54,83.7,83.7
10,1143,-0.55,83.5,83.5
10,1144,-0.55,83.3,83.3
10,1145,-0.56,83.2,83.2
10,1146,-0.56,83.1,83.1
10,1147,-0.57,83.0,83.0
10,1148,-0.57,82.9,82.9
10,1149,-0.58,82.8,82.8
10,1150,-0.58,82.7,82.7
10,1151,-0.59,82.6,82.6
10,1152,-0.59,82.5,82.5
10,1153,-0.60,82.5,82.5
10,1154,-0.60,82.4,82.4
10,1155,-0.60,82.3,82.3
10,1156,-0.61,82.2,82.2
10,1157,-0.61,82.1,82.1
10,1158,-0.61,82.1,82.1
10,1159,-0.62,82.0,82.0
10,1160,-0.62,81.9,81.9
10,1161,-0.63,81.8,81.8
10,1162,-0.63,81.8,81.8
10,1163,-0.63,81.7,81.7
10,1164,-0.64,81.6,81.6
10,1165,-0.64,81.6,81.6
10,1166,-0.64,81.5,81.5
10,1167,-0.65,81.5,81.5
10,1168,-0.65,81.4,81.4
10,1169,-0.66,81.4,81.4
10,1170,-0.66,81.3,81.3
10,1171,-0.66,81.2,81.2
10,1172,-0.67,81.2,81.2
10,1173,-0.67,81.2,81.2
10,1174,-0.67,81.2,81.2
10,1175,-0.68,81.4,81.4
10,1176,-0.68,81.6,81.6
10,1177,-0.69,81.9,81.9
10,1178,-0.69,82.2,82.2
10,1179,-0.69,82.7,82.7
10,1180,-0.70,83.1,83.1
10,1181,-0.70,83.5,83.5
10,1182,-0.70,84.0,84.0
10,1183,-0.71,84.4,84.4
10,1184,-0.71,84.9,84.9
10,1185,-0.71,85.4,85.4
10,1186,-0.72,85.8,85.8
10,1187,-0.72,86.2,86.2
10,1188,-0.72,86.7,86.7
10,1189,-0.73,87.1,87.1
10,1190,-0.73,87.5,87.5
10,1191,-0.74,87.9,87.9
10,1192,-0.74,88.3,88.3
10,1193,-0.75,88.6,88.6
10,1194,-0.75,89.0,89.0
10,1195,-0.75,89.3,89.3
10,1196,-0.71,89.7,89.7
10,1197,-0.72,90.1,90.1
10,1198,-0.74,90.4,90.4
10,1199,-0.75,90.8,90.8
10,1200,-0.76,91.2,91.2
10,1201,-0.76,91.5,91.5
10,1202,-0.77,91.8,91.8
10,1203,-0.78,92.1,92.1
10,1204,-0.79,92.3,92.3
10,1205,-0.80,92.6,92.6
10,1206,-0.80,92.8,92.8
10,1207,-0.81,93.0,93.0
10,1208,-0.82,93.3,93.3
10,1209,-0.83,93.5,93.5
10,1210,-0.81,93.7,93.7
10,1211,-0.83,93.9,93.9
10,1212,-0.83,94.1,94.1
10,1213,-0.83,94.3,94.3
10,1214,-0.83,94.6,94.6
10,1215,-0.83,94.8,94.8
10,1216,-0.84,95.0,95.0
10,1217,-0.84,95.2,95.2
10,1218,-0.85,95.4,95.4
10,1219,-0.85,95.6,95.6
10,1220,-0.85,95.8,95.8
10,1221,-0.84,95.9,95.9
10,1222,-0.83,96.1,96.1
10,1223,-0.83,96.3,96.3
10,1224,-0.83,96.5,96.5
10,1225,-0.83,96.7,96.7
10,1226,-0.83,96.9,96.9
10,1227,-0.84,97.0,97.0
10,1228,-0.84,97.2,97.2
10,1229,-0.84,97.3,97.3
10,1230,-0.84,97.5,97.5
10,1231,-0.84,97.6,97.6
10,1232,-0.84,97.8,97.8
10,1233,-0.84,97.9,97.9
10,1234,-0.84,98.0,98.0
10,1235,-0.85,98.2,98.2
10,1236,-0.84,98.3,98.3
10,1237,-0.84,98.4,98.4
10,1238,-0.85,98.5,98.5
10,1239,-0.85,98.6,98.6
10,1240,-0.85,98.7,98.7
10,1241,-0.85,98.8,98.8
10,1242,-0.85,99.0,99.0
10,1243,-0.85,99.0,99.0
10,1244,-0.85,99.1,99.1
10,1245,-0.86,99.2,99.2
10,1246,-0.86,99.3,99.3
10,1247,-0.86,99.4,99.4
10,1248,-0.85,99.5,99.5
10,1249,-0.86,99.6,99.6
10,1250,-0.85,99.6,99.6
10,1251,-0.86,99.7,99.7
10,1252,-0.86,99.8,99.8
10,1253,-0.86,99.9,99.9
10,1254,-0.86,99.9,99.9
10,1255,-0.86,100.0,100.0
10,1256,-0.86,100.1,100.1
10,1257,-0.86,100.1,100.1
10,1258,-0.86,100.2,100.2
10,1259,-0.86,100.2,100.2
10,1260,-0.86,100.3,100.3
10,1261,-0.86,100.4,100.4
10,1262,-0.86,100.4,100.4
10,1263,-0.87,100.5,100.5
10,1264,-0.87,100.5,100.5
10,1265,-0.87,100.6,100.6
10,1266,-0.87,100.6,100.6
10,1267,-0.87,100.6,100.6
10,1268,-0.87,100.7,100.7
10,1269,-0.87,100.7,100.7
10,1270,-0.87,100.8,100.8
10,1271,-0.87,100.8,100.8
10,1272,-0.87,100.9,100.9
10,1273,-0.87,100.9,100.9
10,1274,-0.88,100.9,100.9
10,1275,-0.88,101.0,101.0
10,1276,-0.88,101.0,101.0
10,1277,-0.88,101.1,101.1
10,1278,-0.88,101.1,101.1
10,1279,-0.88,101.2,101.2
10,1280,-0.88,101.2,101.2
10,1281,-0.88,101.2,101.2
10,1282,-0.88,101.3,101.3
10,1283,-0.88,101.3,101.3
10,1284,-0.89,101.4,101.4
10,1285,-0.89,101.4,101.4
10,1286,-0.89,101.5,101.5
10,1287,-0.89,101.5,101.5
10,1288,-0.89,101.5,101.5
10,1289,-0.89,101.6,101.6
10,1290,-0.89,101.6,101.6
10,1291,-0.89,101.7,101.7
10,1292,-0.89,101.7,101.7
10,1293,-0.89,101.8,101.8
10,1294,-0.90,101.8,101.8
10,1295,-0.90,101.9,101.9
10,1296,-0.90,101.9,101.9
10,1297,-0.90,101.9,101.9
10,1298,-0.90,102.0,102.0
10,1299,-0.90,102.0,102.0
10,1300,-0.90,102.1,102.1
10,1301,-0.90,102.1,102.1
10,1302,-0.90,102.1,102.1
10,1303,-0.90,102.1,102.1
10,1304,-0.90,102.2,102.2
10,1305,-0.90,102.2,102.2
10,1306,-0.90,102.2,102.2
10,1307,-0.91,102.3,102.3
10,1308,-0.90,102.3,102.3
10,1309,-0.90,102.3,102.3
10,1310,-0.90,102.4,102.4
10,1311,-0.90,102.4,102.4
10,1312,-0.91,102.4,102.4
10,1313,-0.91,102.5,102.5
10,1314,-0.91,102.5,102.5
10,1315,-0.91,102.5,102.5
10,1316,-0.91,102.6,102.6
10,1317,-0.91,102.6,102.6
10,1318,-0.91,102.6,102.6
10,1319,-0.91,102.6,102.6
10,1320,-0.91,102.7,102.7
10,1321,-0.91,102.7,102.7
10,1322,-0.91,102.7,102.7
10,1323,-0.91,102.8,102.8
10,1324,-0.91,102.8,102.8
10,1325,-0.91,102.8,102.8
10,1326,-0.91,102.8,102.8
10,1327,-0.91,102.9,102.9
10,1328,-0.91,102.9,102.9
10,1329,-0.91,102.9,102.9
10,1330,-0.91,103.0,103.0
10,1331,-0.91,103.0,103.0
10,1332,-0.91,103.0,103.0
10,1333,-0.91,103.0,103.0
10,1334,-0.91,103.1,103.1
10,1335,-0.91,103.1,103.1
10,1336,-0.91,103.1,103.1
10,1337,-0.91,103.1,103.1
10,1338,-0.91,103.2,103.2
10,1339,-0.91,103.2,103.2
10,1340,-0.91,103.2,103.2
10,1341,-0.91,103.3,103.3
10,1342,-0.91,103.3,103.3
10,1343,-0.91,103.3,103.3
10,1344,-0.91,103.4,103.4
10,1345,-0.91,103.4,103.4
10,1346,-0.91,103.4,103.4
10,1347,-0.91,103.5,103.5
10,1348,-0.91,103.5,103.5
10,1349,-0.91,103.5,103.5
10,1350,-0.91,103.6,103.6
10,1351,-0.91,103.6,103.6
10,1352,-0.91,103.6,103.6
10,1353,-0.91,103.6,103.6
10,1354,-0.91,103.7,103.7
10,1355,-0.91,103.7,103.7
10,1356,-0.91,103.7,103.7
10,1357,-0.91,103.8,103.8
10,1358,-0.91,103.8,103.8
10,1359,-0.91,103.9,103.9
10,1360,-0.91,103.9,103.9
10,1361,-0.91,103.9,103.9
10,1362,-0.91,103.9,103.9
10,1363,-0.91,104.0,104.0
10,1364,-0.91,104.0,104.0
10,1365,-0.92,104.0,104.0
10,1366,-0.91,104.1,104.1
10,1367,-0.91,104.1,104.1
10,1368,-0.91,104.1,104.1
10,1369,-0.92,104.2,104.2
10,1370,-0.92,104.2,104.2
10,1371,-0.92,104.2,104.2
10,1372,-0.92,104.3,104.3
10,1373,-0.92,104.3,104.3
10,1374,-0.92,104.3,104.3
10,1375,-0.91,104.4,104.4
10,1376,-0.92,104.4,104.4
10,1377,-0.92,104.4,104.4
10,1378,-0.92,104.5,104.5
10,1379,-0.92,104.5,104.5
10,1380,-0.92,104.5,104.5
10,1381,-0.92,104.6,104.6
10,1382,-0.92,104.6,104.6
10,1383,-0.92,104.6,104.6
10,1384,-0.92,104.6,104.6
10,1385,-0.92,104.7,104.7
10,1386,-0.92,104.7,104.7
10,1387,-0.92,104.7,104.7
10,1388,-0.92,104.8,104.8
10,1389,-0.92,104.8,104.8
10,1390,-0.92,104.8,104.8
10,1391,-0.92,104.9,104.9
10,1392,-0.92,104.9,104.9
10,1393,-0.92,104.9,104.9
10,1394,-0.92,104.9,104.9
10,1395,-0.92,105.0,105.0
10,1396,-0.92,105.0,105.0
10,1397,-0.92,105.0,105.0
10,1398,-0.92,105.0,105.0
10,1399,-0.92,105.1,105.1
10,1400,-0.92,105.1,105.1
10,1401,-0.92,105.1,105.1
10,1402,-0.92,105.1,105.1
10,1403,-0.92,105.2,105.2
10,1404,-0.92,105.2,105.2
10,1405,-0.92,105.2,105.2
10,1406,-0.92,105.2,105.2
10,1407,-0.92,105.3,105.3
10,1408,-0.92,105.3,105.3
10,1409,-0.92,105.3,105.3
10,1410,-0.92,105.3,105.3
10,1411,-0.92,105.4,105.4
10,1412,-0.92,105.4,105.4
10,1413,-0.92,105.4,105.4
10,1414,-0.92,105.4,105.4
10,1415,-0.92,105.5,105.5
10,1416,-0.92,105.5,105.5
10,1417,-0.92,105.5,105.5
10,1418,-0.92,105.5,105.5
10,1419,-0.92,105.6,105.6
10,1420,-0.92,105.6,105.6
10,1421,-0.92,105.6,105.6
10,1422,-0.92,105.6,105.6
10,1423,-0.92,105.6,105.6
10,1424,-0.92,105.7,105.7
10,1425,-0.92,105.7,105.7
10,1426,-0.92,105.7,105.7
10,1427,-0.92,105.7,105.7
10,1428,-0.92,105.8,105.8
10,1429,-0.92,105.8,105.8
10,1430,-0.92,105.8,105.8
10,1431,-0.92,105.8,105.8
10,1432,-0.92,105.8,105.8
10,1433,-0.92,105.9,105.9
10,1434,-0.92,105.9,105.9
10,1435,-0.92,105.9,105.9
10,1436,-0.92,105.9,105.9
10,1437,-0.92,105.9,105.9
10,1438,-0.92,105.9,105.9
10,1439,-0.92,105.9,105.9
10,1440,-0.92,106.0,106.0
10,1441,-0.92,106.0,106.0
10,1442,-0.92,106.0,106.0
10,1443,-0.92,106.0,106.0
10,1444,-0.92,106.0,106.0
10,1445,-0.92,106.0,106.0
10,1446,-0.92,106.0,106.0
10,1447,-0.92,106.0,106.0
10,1448,-0.92,106.0,106.0
10,1449,-0.92,106.1,106.1
10,1450,-0.92,106.1,106.1
10,1451,-0.92,106.1,106.1
10,1452,-0.92,106.1,106.1
10,1453,-0.92,106.1,106.1
10,1454,-0.92,106.1,106.1
10,1455,-0.92,106.1,106.1
10,1456,-0.92,106.1,106.1
10,1457,-0.92,106.2,106.2
10,1458,-0.92,106.2,106.2
10,1459,-0.92,106.2,106.2
10,1460,-0.92,106.2,106.2
10,1461,-0.92,106.2,106.2
10,1462,-0.92,106.2,106.2
10,1463,-0.92,106.2,106.2
10,1464,-0.92,106.2,106.2
10,1465,-0.92,106.2,106.2
10,1466,-0.92,106.2,106.2
10,1467,-0.92,106.3,106.3
10,1468,-0.92,106.3,106.3
10,1469,-0.92,106.3,106.3
10,1470,-0.92,106.3,106.3
10,1471,-0.92,106.3,106.3
10,1472,-0.92,106.3,106.3
10,1473,-0.92,106.3,106.3
10,1474,-0.92,106.3,106.3
10,1475,-0.92,106.3,106.3
10,1476,-0.92,106.3,106.3
10,1477,-0.92,106.3,106.3
10,1478,-0.92,106.4,106.4
10,1479,-0.92,106.4,106.4
10,1480,-0.92,106.4,106.4
10,1481,-0.92,106.4,106.4
10,1482,-0.92,106.4,106.4
10,1483,-0.92,106.4,106.4
10,1484,-0.92,106.4,106.4
11,1485,-0.76,106.4,106.4
11,1486,-0.67,106.5,106.5
11,1487,-0.56,106.6,106.6
11,1488,-0.47,106.8,106.8
11,1489,-0.38,107.0,107.0
11,1490,-0.31,107.3,107.3
11,1491,-0.26,107.4,107.4
11,1492,-0.21,107.6,107.6
11,1493,-0.17,107.8,107.8
11,1494,-0.14,108.0,108.0
11,1495,-0.12,108.1,108.1
11,1496,-0.11,108.2,108.2
11,1497,-0.10,108.3,108.3
11,1498,-0.09,108.3,108.3
11,1499,-0.09,108.4,108.4
12,1500,-0.06,108.4,108.4
0,1482,-0.92,106.4,106.4
10,1483,-0.92,106.4,106.4
10,1484,-0.92,106.4,106.4
11,1485,-0.76,106.4,1