Sterilisator,counter: 00041
Sterilisator,model: Steamjet ST1
Sterilisator,serial: ST1-5036
Sterilisator,firmware: 14.6
Sterilisator,start time: 16-01-17 13:15:50
Sterilisator,type: 134
phase, time [sec], presure [Bar], temperature [°C], temperaturecalc [°C]
0,0,-0.00,112.6,112.6
2,1,-0.04,112.7,112.7
2,2,-0.09,112.9,112.9
2,3,-0.15,113.0,113.0
2,4,-0.19,113.2,113.2
2,5,-0.22,113.3,113.3
2,6,-0.22,113.3,113.3
2,7,-0.23,113.4,113.4
2,8,-0.24,113.5,113.5
2,9,-0.24,113.5,113.5
2,10,-0.25,113.6,113.6
2,11,-0.26,113.7,113.7
2,12,-0.27,113.8,113.8
2,13,-0.29,114.0,114.0
2,14,-0.33,114.1,114.1
2,15,-0.36,114.2,114.2
2,16,-0.39,114.3,114.3
2,17,-0.42,114.4,114.4
2,18,-0.46,114.5,114.5
2,19,-0.48,114.5,114.5
2,20,-0.50,114.6,114.6
2,21,-0.52,114.7,114.7
2,22,-0.55,114.7,114.7
2,23,-0.57,114.8,114.8
2,24,-0.59,114.9,114.9
2,25,-0.61,115.0,115.0
2,26,-0.62,115.1,115.1
2,27,-0.64,115.2,115.2
2,28,-0.65,115.3,115.3
2,29,-0.67,115.4,115.4
2,30,-0.68,115.5,115.5
2,31,-0.70,115.6,115.6
2,32,-0.71,115.7,115.7
2,33,-0.72,115.8,115.8
2,34,-0.73,115.8,115.8
2,35,-0.74,115.9,115.9
2,36,-0.75,116.0,116.0
2,37,-0.76,116.2,116.2
2,38,-0.77,116.5,116.5
2,39,-0.78,116.6,116.6
2,40,-0.79,116.8,116.8
2,41,-0.79,116.9,116.9
3,42,-0.80,117.1,117.1
3,43,-0.36,117.2,117.2
3,44,-0.19,117.5,117.5
3,45,-0.12,117.7,117.7
3,46,-0.09,118.1,118.1
3,47,0.40,118.4,118.4
3,48,0.72,118.8,118.8
3,49,0.71,119.2,119.2
3,50,0.71,119.7,119.7
3,51,0.70,120.0,120.0
3,52,1.04,120.4,120.4
3,53,1.06,120.8,120.8
4,54,0.85,121.1,121.1
4,55,0.66,121.5,121.5
4,56,0.52,121.7,121.7
4,57,0.39,121.8,121.8
4,58,0.27,121.9,121.9
4,59,0.17,121.8,121.8
4,60,0.10,121.7,121.7
4,61,-0.01,121.6,121.6
4,62,-0.14,121.5,121.5
4,63,-0.25,121.3,121.3
4,64,-0.34,121.1,121.1
4,65,-0.44,120.9,120.9
4,66,-0.51,120.7,120.7
4,67,-0.56,120.5,120.5
4,68,-0.61,120.2,120.2
4,69,-0.66,120.0,120.0
4,70,-0.70,119.9,119.9
4,71,-0.72,119.7,119.7
4,72,-0.75,119.6,119.6
4,73,-0.77,119.6,119.6
4,74,-0.79,119.5,119.5
4,75,-0.79,119.5,119.5
5,76,-0.34,119.5,119.5
5,77,0.12,119.7,119.7
5,78,0.08,119.9,119.9
5,79,0.05,120.2,120.2
5,80,0.06,120.5,120.5
5,81,0.77,120.7,120.7
5,82,0.76,121.1,121.1
5,83,0.75,121.4,121.4
5,84,0.72,121.8,121.8
5,85,1.02,122.2,122.2
5,86,1.07,122.5,122.5
5,87,1.06,122.9,122.9
6,88,0.82,123.3,123.3
6,89,0.63,123.6,123.6
6,90,0.47,123.8,123.8
6,91,0.32,123.9,123.9
6,92,0.21,123.9,123.9
6,93,0.12,123.8,123.8
6,94,0.03,123.6,123.6
6,95,-0.11,123.3,123.3
6,96,-0.22,123.1,123.1
6,97,-0.31,122.8,122.8
6,98,-0.39,122.6,122.6
6,99,-0.47,122.3,122.3
6,100,-0.53,122.0,122.0
6,101,-0.58,121.8,121.8
6,102,-0.62,121.6,121.6
6,103,-0.65,121.5,121.5
6,104,-0.68,121.3,121.3
6,105,-0.71,121.2,121.2
6,106,-0.73,121.1,121.1
6,107,-0.75,121.1,121.1
6,108,-0.77,121.1,121.1
6,109,-0.78,121.1,121.1
6,110,-0.80,121.1,121.1
6,111,-0.79,121.2,121.2
7,112,-0.43,121.2,121.2
7,113,0.14,121.4,121.4
7,114,0.07,121.6,121.6
7,115,0.03,122.0,122.0
7,116,0.00,122.3,122.3
7,117,0.83,122.6,122.6
7,118,0.84,122.9,122.9
7,119,0.78,123.3,123.3
7,120,0.76,123.7,123.7
7,121,1.07,124.0,124.0
7,122,1.40,124.4,124.4
7,123,1.34,124.9,124.9
7,124,1.31,125.3,125.3
7,125,1.30,125.7,125.7
7,126,1.64,126.1,126.1
7,127,1.69,126.7,126.7
7,128,1.67,127.4,127.4
7,129,1.63,128.1,128.1
7,130,1.75,128.6,128.6
7,131,1.98,129.1,129.1
7,132,1.96,129.8,129.8
7,133,1.93,130.6,130.6
7,134,1.92,131.2,131.2
7,135,2.12,131.7,131.7
7,136,2.12,132.2,132.2
7,137,2.09,132.8,132.8
7,138,2.09,133.2,133.2
7,139,2.16,133.7,133.7
7,140,2.13,134.0,134.0
7,141,2.12,134.3,134.3
7,142,2.11,134.5,134.5
7,143,2.09,134.7,134.7
7,144,2.11,134.7,134.7
7,145,2.09,134.8,134.8
8,146,2.11,134.9,134.8
8,147,2.14,134.9,135.2
8,148,2.10,134.9,134.7
8,149,2.11,135.0,134.9
8,150,2.09,135.0,134.7
8,151,2.12,135.0,135.0
8,152,2.10,135.0,134.7
8,153,2.10,135.0,134.8
8,154,2.09,135.0,134.7
8,155,2.11,135.0,134.9
8,156,2.10,135.0,134.8
8,157,2.11,135.0,134.9
8,158,2.15,135.0,135.3
8,159,2.11,135.1,134.9
8,160,2.11,135.1,134.9
8,161,2.11,135.1,134.8
8,162,2.12,135.1,135.0
8,163,2.11,135.1,134.8
8,164,2.12,135.1,135.0
8,165,2.11,135.1,134.9
8,166,2.10,135.1,134.8
8,167,2.13,135.1,135.1
8,168,2.12,135.1,134.9
8,169,2.11,135.1,134.9
8,170,2.10,135.1,134.7
8,171,2.14,135.1,135.2
8,172,2.12,135.1,135.0
8,173,2.11,135.1,134.9
8,174,2.10,135.1,134.7
8,175,2.12,135.1,135.0
8,176,2.11,135.1,134.9
8,177,2.10,135.1,134.8
8,178,2.15,135.1,135.3
8,179,2.13,135.1,135.1
8,180,2.11,135.1,134.9
8,181,2.11,135.1,134.8
8,182,2.13,135.1,135.1
8,183,2.12,135.2,135.0
8,184,2.10,135.2,134.8
8,185,2.10,135.2,134.8
8,186,2.13,135.2,135.1
8,187,2.12,135.2,135.0
8,188,2.11,135.2,134.9
8,189,2.11,135.2,134.9
8,190,2.11,135.2,134.8
8,191,2.12,135.2,135.0
8,192,2.11,135.2,134.9
8,193,2.11,135.2,134.9
8,194,2.11,135.1,134.8
8,195,2.13,135.2,135.1
8,196,2.12,135.2,135.0
8,197,2.11,135.2,134.9
8,198,2.11,135.2,134.9
8,199,2.11,135.2,134.9
8,200,2.12,135.2,134.9
8,201,2.11,135.2,134.9
8,202,2.11,135.2,134.9
8,203,2.09,135.1,134.7
8,204,2.15,135.1,135.3
8,205,2.13,135.2,135.1
8,206,2.12,135.2,135.0
8,207,2.12,135.2,134.9
8,208,2.11,135.2,134.8
8,209,2.16,135.2,135.4
8,210,2.14,135.2,135.2
8,211,2.13,135.2,135.1
8,212,2.12,135.2,134.9
8,213,2.11,135.2,134.8
8,214,2.10,135.2,134.8
8,215,2.14,135.2,135.2
8,216,2.13,135.2,135.1
8,217,2.12,135.2,135.0
8,218,2.11,135.2,134.9
8,219,2.10,135.2,134.8
8,220,2.14,135.2,135.2
8,221,2.13,135.2,135.1
8,222,2.12,135.2,135.0
8,223,2.10,135.2,134.8
8,224,2.10,135.2,134.8
8,225,2.09,135.2,134.7
8,226,2.15,135.1,135.3
8,227,2.14,135.2,135.2
8,228,2.13,135.2,135.1
8,229,2.12,135.2,135.0
8,230,2.11,135.2,134.9
8,231,2.11,135.2,134.8
8,232,2.10,135.2,134.8
8,233,2.14,135.2,135.2
8,234,2.13,135.2,135.1
8,235,2.12,135.2,135.0
8,236,2.11,135.2,134.9
8,237,2.10,135.2,134.8
8,238,2.15,135.2,135.3
8,239,2.14,135.2,135.2
8,240,2.13,135.2,135.1
8,241,2.12,135.2,135.0
8,242,2.11,135.2,134.9
8,243,2.10,135.2,134.8
8,244,2.13,135.2,135.1
8,245,2.12,135.2,135.0
8,246,2.11,135.2,134.9
8,247,2.11,135.2,134.9
8,248,2.13,135.2,135.1
8,249,2.12,135.2,134.9
8,250,2.11,135.2,134.9
8,251,2.13,135.2,135.1
8,252,2.12,135.2,134.9
8,253,2.11,135.2,134.8
8,254,2.10,135.2,134.7
8,255,2.13,135.2,135.1
8,256,2.12,135.2,135.0
8,257,2.12,135.2,135.0
8,258,2.11,135.2,134.8
8,259,2.10,135.2,134.8
8,260,2.14,135.2,135.2
8,261,2.13,135.2,135.1
8,262,2.12,135.2,135.0
8,263,2.11,135.2,134.9
8,264,2.11,135.2,134.8
8,265,2.09,135.2,134.7
8,266,2.14,135.2,135.2
8,267,2.13,135.2,135.1
8,268,2.12,135.2,135.0
8,269,2.11,135.2,134.9
8,270,2.10,135.2,134.8
8,271,2.14,135.2,135.3
8,272,2.13,135.2,135.1
8,273,2.13,135.2,135.1
8,274,2.12,135.2,134.9
8,275,2.11,135.2,134.9
8,276,2.10,135.2,134.8
8,277,2.11,135.2,134.9
8,278,2.14,135.1,135.3
8,279,2.13,135.1,135.1
8,280,2.12,135.2,135.0
8,281,2.11,135.2,134.9
8,282,2.11,135.2,134.8
8,283,2.10,135.2,134.8
8,284,2.13,135.1,135.1
8,285,2.12,135.1,135.0
8,286,2.11,135.1,134.9
8,287,2.11,135.1,134.8
8,288,2.10,135.1,134.8
8,289,2.15,135.1,135.3
8,290,2.13,135.1,135.1
8,291,2.13,135.1,135.1
8,292,2.12,135.2,135.0
8,293,2.11,135.2,134.9
8,294,2.11,135.1,134.8
8,295,2.13,135.1,135.1
8,296,2.12,135.1,135.0
8,297,2.11,135.2,134.9
8,298,2.11,135.1,134.8
8,299,2.10,135.1,134.8
8,300,2.14,135.1,135.2
8,301,2.13,135.1,135.1
8,302,2.12,135.1,135.0
8,303,2.12,135.1,134.9
8,304,2.11,135.1,134.9
8,305,2.10,135.1,134.8
8,306,2.13,135.1,135.2
8,307,2.12,135.1,135.0
8,308,2.12,135.1,135.0
8,309,2.11,135.1,134.9
8,310,2.11,135.1,134.8
8,311,2.14,135.1,135.2
8,312,2.13,135.1,135.1
8,313,2.12,135.1,135.0
8,314,2.11,135.1,134.9
8,315,2.10,135.1,134.8
8,316,2.10,135.1,134.7
8,317,2.13,135.1,135.1
8,318,2.12,135.1,135.0
8,319,2.11,135.1,134.9
8,320,2.11,135.1,134.9
8,321,2.10,135.1,134.8
8,322,2.14,135.1,135.2
8,323,2.13,135.1,135.1
8,324,2.12,135.1,135.0
8,325,2.11,135.1,134.9
8,326,2.11,135.1,134.8
8,327,2.12,135.1,135.0
8,328,2.12,135.1,135.0
8,329,2.12,135.1,135.0
8,330,2.11,135.1,134.9
8,331,2.10,135.1,134.8
8,332,2.10,135.1,134.8
8,333,2.13,135.0,135.1
8,334,2.12,135.0,135.0
8,335,2.11,135.0,134.9
8,336,2.10,135.0,134.8
8,337,2.10,135.0,134.8
8,338,2.13,135.0,135.1
8,339,2.12,135.0,135.0
8,340,2.12,135.0,135.0
8,341,2.11,135.0,134.9
8,342,2.10,135.0,134.8
8,343,2.10,135.0,134.8
8,344,2.13,135.0,135.1
8,345,2.13,135.0,135.1
8,346,2.11,135.0,134.9
8,347,2.11,135.1,134.9
8,348,2.10,135.0,134.8
8,349,2.14,135.0,135.2
8,350,2.12,135.0,135.0
8,351,2.12,135.0,135.0
8,352,2.11,135.1,134.9
8,353,2.11,135.1,134.8
8,354,2.10,135.0,134.8
8,355,2.12,135.0,135.0
8,356,2.12,135.0,134.9
8,357,2.11,135.0,134.9
8,358,2.10,135.0,134.8
8,359,2.11,135.0,134.9
8,360,2.12,135.0,135.0
8,361,2.11,135.0,134.9
8,362,2.11,135.0,134.9
8,363,2.10,135.0,134.8
8,364,2.13,135.0,135.1
8,365,2.12,135.0,135.0
8,366,2.11,135.0,134.9
8,367,2.11,135.0,134.9
8,368,2.10,135.0,134.8
8,369,2.13,135.0,135.2
8,370,2.12,135.0,135.0
8,371,2.12,135.0,135.0
8,372,2.11,135.0,134.9
8,373,2.11,135.0,134.9
8,374,2.10,135.0,134.8
8,375,2.12,135.0,135.0
8,376,2.12,135.0,135.0
8,377,2.11,135.0,134.9
8,378,2.11,135.0,134.8
8,379,2.10,135.0,134.8
8,380,2.13,135.0,135.1
8,381,2.12,135.0,135.0
8,382,2.12,135.0,135.0
8,383,2.11,135.0,134.9
8,384,2.11,135.0,134.9
8,385,2.10,135.0,134.8
8,386,2.12,135.0,135.0
9,387,2.04,135.0,135.0
9,388,1.82,134.9,134.9
9,389,1.66,134.6,134.6
9,390,1.53,133.9,133.9
9,391,1.40,133.1,133.1
9,392,1.29,132.4,132.4
9,393,1.19,131.6,131.6
9,394,1.10,130.8,130.8
9,395,1.01,130.0,130.0
9,396,0.91,129.3,129.3
9,397,0.83,128.7,128.7
9,398,0.75,128.0,128.0
9,399,0.68,127.4,127.4
9,400,0.62,126.8,126.8
9,401,0.56,126.2,126.2
9,402,0.51,125.6,125.6
9,403,0.46,125.0,125.0
9,404,0.40,124.3,124.3
9,405,0.37,123.8,123.8
9,406,0.33,123.1,123.1
9,407,0.30,122.5,122.5
9,408,0.28,122.0,122.0
9,409,0.25,121.4,121.4
9,410,0.23,120.9,120.9
9,411,0.21,120.4,120.4
9,412,0.20,119.9,119.9
9,413,0.17,119.4,119.4
9,414,0.15,119.0,119.0
9,415,0.14,118.6,118.6
9,416,0.13,118.2,118.2
9,417,0.11,117.8,117.8
9,418,0.10,117.4,117.4
9,419,0.05,117.1,117.1
9,420,0.01,116.7,116.7
9,421,-0.03,116.3,116.3
9,422,-0.07,116.0,116.0
9,423,-0.10,115.8,115.8
9,424,-0.12,115.6,115.6
9,425,-0.15,115.3,115.3
9,426,-0.18,115.1,115.1
9,427,-0.20,114.9,114.9
9,428,-0.23,114.7,114.7
9,429,-0.24,114.6,114.6
9,430,-0.26,114.5,114.5
9,431,-0.28,114.4,114.4
9,432,-0.29,114.3,114.3
9,433,-0.31,114.2,114.2
9,434,-0.33,114.2,114.2
9,435,-0.33,114.1,114.1
9,436,-0.35,114.1,114.1
9,437,-0.37,114.1,114.1
9,438,-0.38,114.1,114.1
9,439,-0.40,114.1,114.1
9,440,-0.41,114.1,114.1
9,441,-0.42,114.2,114.2
10,442,-0.44,114.2,114.2
10,443,-0.45,114.3,114.3
10,444,-0.46,114.4,114.4
10,445,-0.47,114.4,114.4
10,446,-0.48,114.5,114.5
10,447,-0.49,114.6,114.6
10,448,-0.50,114.7,114.7
10,449,-0.51,114.7,114.7
10,450,-0.52,114.8,114.8
10,451,-0.53,114.9,114.9
10,452,-0.55,115.0,115.0
10,453,-0.56,115.0,115.0
10,454,-0.57,115.1,115.1
10,455,-0.58,115.2,115.2
10,456,-0.59,115.3,115.3
10,457,-0.60,115.3,115.3
10,458,-0.61,115.4,115.4
10,459,-0.63,115.5,115.5
10,460,-0.63,115.6,115.6
10,461,-0.65,115.6,115.6
10,462,-0.66,115.7,115.7
10,463,-0.67,115.7,115.7
10,464,-0.69,115.8,115.8
10,465,-0.71,115.8,115.8
10,466,-0.72,115.8,115.8
10,467,-0.73,115.8,115.8
10,468,-0.74,115.8,115.8
10,469,-0.75,115.8,115.8
10,470,-0.76,115.9,115.9
10,471,-0.77,116.0,116.0
10,472,-0.78,116.1,116.1
10,473,-0.77,116.2,116.2
10,474,-0.78,116.3,116.3
10,475,-0.79,116.5,116.5
10,476,-0.79,116.6,116.6
10,477,-0.79,116.7,116.7
10,478,-0.80,116.8,116.8
10,479,-0.80,116.9,116.9
10,480,-0.81,117.0,117.0
10,481,-0.82,117.0,117.0
10,482,-0.83,117.1,117.1
10,483,-0.83,117.2,117.2
10,484,-0.83,117.3,117.3
10,485,-0.83,117.4,117.4
10,486,-0.83,117.5,117.5
10,487,-0.84,117.5,117.5
10,488,-0.84,117.6,117.6
10,489,-0.84,117.7,117.7
10,490,-0.85,117.7,117.7
10,491,-0.85,117.8,117.8
10,492,-0.85,117.9,117.9
10,493,-0.85,117.9,117.9
10,494,-0.83,118.0,118.0
10,495,-0.83,118.1,118.1
10,496,-0.84,118.2,118.2
10,497,-0.85,118.3,118.3
10,498,-0.85,118.3,118.3
10,499,-0.85,118.4,118.4
10,500,-0.85,118.4,118.4
10,501,-0.86,118.5,118.5
10,502,-0.86,118.5,118.5
10,503,-0.86,118.6,118.6
10,504,-0.86,118.6,118.6
10,505,-0.86,118.7,118.7
10,506,-0.86,118.7,118.7
10,507,-0.87,118.8,118.8
10,508,-0.86,118.8,118.8
10,509,-0.86,118.8,118.8
10,510,-0.86,118.9,118.9
10,511,-0.86,118.9,118.9
10,512,-0.87,119.0,119.0
10,513,-0.87,119.0,119.0
10,514,-0.87,119.0,119.0
10,515,-0.87,119.1,119.1
10,516,-0.87,119.1,119.1
10,517,-0.87,119.1,119.1
10,518,-0.87,119.1,119.1
10,519,-0.87,119.2,119.2
10,520,-0.87,119.2,119.2
10,521,-0.87,119.2,119.2
10,522,-0.87,119.2,119.2
10,523,-0.87,119.3,119.3
10,524,-0.88,119.3,119.3
10,525,-0.88,119.3,119.3
10,526,-0.88,119.3,119.3
10,527,-0.87,119.3,119.3
10,528,-0.87,119.3,119.3
10,529,-0.88,119.4,119.4
10,530,-0.88,119.4,119.4
10,531,-0.88,119.4,119.4
10,532,-0.88,119.4,119.4
10,533,-0.88,119.4,119.4
10,534,-0.88,119.4,119.4
10,535,-0.88,119.4,119.4
10,536,-0.88,119.4,119.4
10,537,-0.88,119.4,119.4
10,538,-0.88,119.4,119.4
10,539,-0.88,119.4,119.4
10,540,-0.89,119.4,119.4
10,541,-0.88,119.4,119.4
10,542,-0.88,119.4,119.4
10,543,-0.89,119.4,119.4
10,544,-0.89,119.4,119.4
10,545,-0.89,119.4,119.4
10,546,-0.89,119.4,119.4
10,547,-0.89,119.4,119.4
10,548,-0.88,119.4,119.4
10,549,-0.89,119.4,119.4
10,550,-0.89,119.4,119.4
10,551,-0.89,119.3,119.3
10,552,-0.89,119.3,119.3
10,553,-0.89,119.3,119.3
10,554,-0.89,119.3,119.3
10,555,-0.90,119.3,119.3
10,556,-0.89,119.3,119.3
10,557,-0.89,119.3,119.3
10,558,-0.90,119.2,119.2
10,559,-0.90,119.2,119.2
10,560,-0.90,119.2,119.2
10,561,-0.90,119.2,119.2
10,562,-0.90,119.2,119.2
10,563,-0.90,119.2,119.2
10,564,-0.90,119.1,119.1
10,565,-0.90,119.1,119.1
10,566,-0.90,119.1,119.1
10,567,-0.90,119.1,119.1
10,568,-0.90,119.1,119.1
10,569,-0.90,119.1,119.1
10,570,-0.90,119.0,119.0
10,571,-0.91,119.0,119.0
10,572,-0.90,119.0,119.0
10,573,-0.90,119.0,119.0
10,574,-0.91,118.9,118.9
10,575,-0.90,118.9,118.9
10,576,-0.91,118.9,118.9
10,577,-0.90,118.9,118.9
10,578,-0.90,118.9,118.9
10,579,-0.91,118.8,118.8
10,580,-0.91,118.8,118.8
10,581,-0.91,118.8,118.8
10,582,-0.91,118.8,118.8
10,583,-0.91,118.7,118.7
10,584,-0.91,118.7,118.7
10,585,-0.91,118.7,118.7
10,586,-0.91,118.7,118.7
10,587,-0.91,118.6,118.6
10,588,-0.91,118.6,118.6
10,589,-0.91,118.6,118.6
10,590,-0.91,118.6,118.6
10,591,-0.91,118.5,118.5
10,592,-0.91,118.5,118.5
10,593,-0.91,118.5,118.5
10,594,-0.91,118.5,118.5
10,595,-0.91,118.4,118.4
10,596,-0.91,118.4,118.4
10,597,-0.91,118.4,118.4
10,598,-0.91,118.3,118.3
10,599,-0.91,118.3,118.3
10,600,-0.91,118.3,118.3
10,601,-0.91,118.3,118.3
10,602,-0.91,118.2,118.2
10,603,-0.91,118.2,118.2
10,604,-0.91,118.2,118.2
10,605,-0.91,118.1,118.1
10,606,-0.92,118.1,118.1
10,607,-0.91,118.0,118.0
10,608,-0.92,118.0,118.0
10,609,-0.91,118.0,118.0
10,610,-0.92,117.9,117.9
10,611,-0.91,117.9,117.9
10,612,-0.92,117.9,117.9
10,613,-0.92,117.8,117.8
10,614,-0.91,117.8,117.8
10,615,-0.91,117.8,117.8
10,616,-0.91,117.7,117.7
10,617,-0.92,117.7,117.7
10,618,-0.92,117.7,117.7
10,619,-0.92,117.7,117.7
10,620,-0.92,117.6,117.6
10,621,-0.92,117.6,117.6
10,622,-0.92,117.6,117.6
11,623,-0.78,117.5,117.5
11,624,-0.70,117.5,117.5
11,625,-0.60,117.6,117.6
11,626,-0.50,117.7,117.7
11,627,-0.41,117.8,117.8
11,628,-0.33,118.0,118.0
11,629,-0.27,118.1,118.1
11,630,-0.22,118.2,118.2
11,631,-0.18,118.3,118.3
11,632,-0.15,118.4,118.4
11,633,-0.12,118.5,118.5
11,634,-0.11,118.5,118.5
11,635,-0.10,118.5,118.5
11,636,-0.09,118.5,118.5
11,637,-0.09,118.5,118.5
12,638,-0.08,118.5,118.5
Sterilization Complete
Error nr: 0
Error description: 
Sterilisator,stop time: 16-01-17 13:26:31
