Sterilisator,counter: 00044
Sterilisator,model: Steamjet ST1
Sterilisator,serial: ST1-5036
Sterilisator,firmware: 14.6
Sterilisator,start time: 17-01-17 09:26:31
Sterilisator,type: 134
phase, time [sec], presure [Bar], temperature [°C], temperaturecalc [°C]
0,0,0.00,61.7,61.7
0,1,0.00,61.7,61.7
1,2,-0.02,61.7,61.7
1,3,-0.01,61.7,61.7
1,4,-0.02,61.7,61.7
1,5,-0.02,61.7,61.7
1,6,-0.01,61.7,61.7
1,7,-0.01,61.7,61.7
1,8,-0.01,61.7,61.7
1,9,-0.01,61.6,61.6
1,10,-0.01,61.6,61.6
1,11,-0.01,61.6,61.6
1,12,-0.01,61.6,61.6
1,13,-0.01,61.6,61.6
1,14,-0.01,61.6,61.6
1,15,-0.01,61.6,61.6
1,16,-0.01,61.6,61.6
1,17,-0.01,61.6,61.6
1,18,-0.01,61.6,61.6
1,19,-0.01,61.6,61.6
1,20,-0.01,61.6,61.6
1,21,-0.00,61.6,61.6
1,22,-0.01,61.6,61.6
1,23,-0.01,61.6,61.6
1,24,-0.01,61.6,61.6
1,25,-0.01,61.6,61.6
1,26,-0.00,61.6,61.6
1,27,-0.00,61.7,61.7
1,28,-0.00,61.7,61.7
1,29,-0.00,61.7,61.7
1,30,-0.00,61.7,61.7
1,31,0.00,61.7,61.7
1,32,0.00,61.8,61.8
1,33,0.00,61.8,61.8
1,34,0.00,61.8,61.8
1,35,0.00,61.8,61.8
1,36,0.00,61.9,61.9
1,37,0.00,61.9,61.9
1,38,0.01,61.9,61.9
1,39,0.01,62.0,62.0
1,40,0.01,62.0,62.0
1,41,0.01,62.0,62.0
1,42,0.01,62.1,62.1
1,43,0.01,62.1,62.1
1,44,0.01,62.2,62.2
1,45,0.01,62.2,62.2
1,46,0.01,62.3,62.3
1,47,0.01,62.3,62.3
1,48,0.01,62.4,62.4
1,49,0.01,62.4,62.4
1,50,0.01,62.5,62.5
1,51,0.01,62.5,62.5
1,52,0.01,62.6,62.6
1,53,0.01,62.7,62.7
1,54,0.01,62.7,62.7
1,55,0.01,62.8,62.8
1,56,0.01,62.9,62.9
1,57,0.01,63.0,63.0
1,58,0.01,63.0,63.0
1,59,0.01,63.1,63.1
1,60,0.01,63.2,63.2
1,61,0.01,63.3,63.3
1,62,0.01,63.4,63.4
1,63,0.01,63.5,63.5
1,64,0.01,63.6,63.6
1,65,0.01,63.7,63.7
1,66,0.01,63.8,63.8
1,67,0.01,63.9,63.9
1,68,0.01,64.0,64.0
1,69,0.01,64.1,64.1
1,70,0.01,64.2,64.2
1,71,0.01,64.3,64.3
1,72,0.01,64.4,64.4
1,73,0.01,64.6,64.6
1,74,0.01,64.7,64.7
1,75,0.01,64.8,64.8
1,76,0.01,64.9,64.9
1,77,0.01,65.1,65.1
1,78,0.01,65.2,65.2
1,79,0.02,65.3,65.3
1,80,0.01,65.5,65.5
1,81,0.01,65.6,65.6
1,82,0.01,65.8,65.8
1,83,0.01,65.9,65.9
1,84,0.01,66.1,66.1
1,85,0.01,66.2,66.2
1,86,0.01,66.4,66.4
1,87,0.01,66.6,66.6
1,88,0.01,66.7,66.7
1,89,0.01,66.9,66.9
1,90,0.01,67.0,67.0
1,91,0.01,67.2,67.2
1,92,0.01,67.4,67.4
1,93,0.01,67.6,67.6
1,94,0.01,67.8,67.8
1,95,0.01,68.0,68.0
1,96,0.01,68.1,68.1
1,97,0.01,68.3,68.3
1,98,0.01,68.5,68.5
1,99,0.01,68.7,68.7
1,100,0.01,68.9,68.9
1,101,0.01,69.1,69.1
1,102,0.01,69.4,69.4
1,103,0.01,69.6,69.6
1,104,0.01,69.8,69.8
1,105,0.01,70.0,70.0
1,106,0.01,70.2,70.2
1,107,0.01,70.4,70.4
1,108,0.01,70.6,70.6
1,109,0.01,70.9,70.9
1,110,0.01,71.1,71.1
1,111,0.01,71.3,71.3
1,112,0.01,71.6,71.6
1,113,0.01,71.8,71.8
1,114,0.01,72.0,72.0
1,115,0.01,72.3,72.3
1,116,0.02,72.6,72.6
1,117,0.02,72.8,72.8
1,118,0.01,73.0,73.0
1,119,0.01,73.3,73.3
1,120,0.01,73.6,73.6
1,121,0.01,73.8,73.8
1,122,0.01,74.1,74.1
1,123,0.01,74.3,74.3
1,124,0.01,74.6,74.6
1,125,0.01,74.9,74.9
1,126,0.01,75.2,75.2
1,127,0.01,75.4,75.4
1,128,0.01,75.7,75.7
1,129,0.01,76.0,76.0
1,130,0.01,76.3,76.3
1,131,0.01,76.6,76.6
1,132,0.01,76.8,76.8
1,133,0.01,77.1,77.1
1,134,0.01,77.4,77.4
1,135,0.01,77.7,77.7
1,136,0.01,78.0,78.0
1,137,0.01,78.3,78.3
1,138,0.02,78.6,78.6
1,139,0.01,78.9,78.9
1,140,0.01,79.2,79.2
1,141,0.01,79.5,79.5
1,142,0.01,79.8,79.8
2,143,-0.05,80.2,80.2
2,144,-0.10,80.5,80.5
2,145,-0.16,80.8,80.8
2,146,-0.20,81.1,81.1
2,147,-0.24,81.3,81.3
2,148,-0.27,81.6,81.6
2,149,-0.30,81.8,81.8
2,150,-0.33,82.0,82.0
2,151,-0.37,82.3,82.3
2,152,-0.40,82.5,82.5
2,153,-0.43,82.8,82.8
2,154,-0.46,83.0,83.0
2,155,-0.48,83.3,83.3
2,156,-0.51,83.5,83.5
2,157,-0.53,83.7,83.7
2,158,-0.53,84.0,84.0
2,159,-0.56,84.2,84.2
2,160,-0.58,84.4,84.4
2,161,-0.60,84.7,84.7
2,162,-0.62,85.0,85.0
2,163,-0.64,85.3,85.3
2,164,-0.66,85.6,85.6
2,165,-0.67,85.9,85.9
2,166,-0.69,86.2,86.2
2,167,-0.70,86.4,86.4
2,168,-0.72,86.7,86.7
2,169,-0.73,87.0,87.0
2,170,-0.74,87.3,87.3
2,171,-0.76,87.5,87.5
2,172,-0.76,87.8,87.8
2,173,-0.78,88.1,88.1
2,174,-0.78,88.4,88.4
2,175,-0.79,88.7,88.7
3,176,-0.76,89.0,89.0
3,177,-0.28,89.3,89.3
3,178,-0.18,89.7,89.7
3,179,-0.13,90.2,90.2
3,180,-0.11,90.7,90.7
3,181,0.32,91.3,91.3
3,182,0.46,92.8,92.8
3,183,0.46,94.9,94.9
3,184,0.46,97.0,97.0
3,185,0.65,99.0,99.0
3,186,1.04,101.2,101.2
3,187,1.05,103.9,103.9
4,188,0.84,106.7,106.7
4,189,0.66,108.8,108.8
4,190,0.54,110.0,110.0
4,191,0.40,110.5,110.5
4,192,0.32,110.4,110.4
4,193,0.24,109.8,109.8
4,194,0.17,108.9,108.9
4,195,0.11,107.9,107.9
4,196,0.04,106.7,106.7
4,197,-0.05,105.5,105.5
4,198,-0.12,104.3,104.3
4,199,-0.21,102.9,102.9
4,200,-0.27,101.8,101.8
4,201,-0.34,100.7,100.7
4,202,-0.41,99.8,99.8
4,203,-0.49,99.2,99.2
4,204,-0.54,98.7,98.7
4,205,-0.60,98.5,98.5
4,206,-0.64,98.4,98.4
4,207,-0.68,98.4,98.4
4,208,-0.71,98.5,98.5
4,209,-0.73,98.6,98.6
4,210,-0.75,98.8,98.8
4,211,-0.77,99.0,99.0
4,212,-0.79,99.3,99.3
4,213,-0.80,99.6,99.6
5,214,-0.45,99.9,99.9
5,215,-0.05,100.3,100.3
5,216,-0.07,100.9,100.9
5,217,-0.09,101.5,101.5
5,218,-0.10,102.2,102.2
5,219,0.49,102.8,102.8
5,220,0.50,104.0,104.0
5,221,0.48,105.6,105.6
5,222,0.46,107.0,107.0
5,223,0.70,108.1,108.1
5,224,1.09,109.6,109.6
5,225,1.05,111.5,111.5
6,226,0.92,113.6,113.6
6,227,0.73,115.1,115.1
6,228,0.59,115.7,115.7
6,229,0.45,115.8,115.8
6,230,0.34,115.3,115.3
6,231,0.25,114.4,114.4
6,232,0.17,113.4,113.4
6,233,0.11,112.4,112.4
6,234,0.02,111.6,111.6
6,235,-0.09,111.0,111.0
6,236,-0.20,110.6,110.6
6,237,-0.30,110.2,110.2
6,238,-0.36,110.0,110.0
6,239,-0.42,109.8,109.8
6,240,-0.48,109.7,109.7
6,241,-0.52,109.7,109.7
6,242,-0.57,109.6,109.6
6,243,-0.61,109.7,109.7
6,244,-0.65,109.7,109.7
6,245,-0.68,109.8,109.8
6,246,-0.70,109.9,109.9
6,247,-0.72,110.0,110.0
6,248,-0.74,110.1,110.1
6,249,-0.76,110.3,110.3
6,250,-0.77,110.5,110.5
6,251,-0.78,110.7,110.7
6,252,-0.80,110.9,110.9
7,253,-0.65,111.1,111.1
7,254,0.11,111.4,111.4
7,255,0.04,111.9,111.9
7,256,-0.00,112.4,112.4
7,257,-0.03,112.9,112.9
7,258,0.57,113.4,113.4
7,259,0.70,113.9,113.9
7,260,0.66,114.6,114.6
7,261,0.63,115.2,115.2
7,262,0.75,115.7,115.7
7,263,1.30,116.5,116.5
7,264,1.26,117.8,117.8
7,265,1.22,119.2,119.2
7,266,1.20,120.4,120.4
7,267,1.54,121.3,121.3
7,268,1.67,122.6,122.6
7,269,1.63,124.0,124.0
7,270,1.62,125.2,125.2
7,271,1.63,126.2,126.2
7,272,2.01,127.1,127.1
7,273,1.97,128.2,128.2
7,274,1.95,129.3,129.3
7,275,1.91,130.2,130.2
7,276,2.09,130.9,130.9
7,277,2.10,131.6,131.6
7,278,2.13,132.3,132.3
7,279,2.10,133.0,133.0
7,280,2.11,133.5,133.5
7,281,2.13,133.9,133.9
7,282,2.11,134.2,134.2
7,283,2.11,134.4,134.4
7,284,2.09,134.6,134.6
7,285,2.15,134.7,134.7
7,286,2.11,134.8,134.8
8,287,2.11,134.9,134.9
8,288,2.11,135.0,134.8
8,289,2.12,135.0,135.0
8,290,2.13,135.1,135.1
8,291,2.09,135.1,134.7
8,292,2.13,135.1,135.1
8,293,2.11,135.1,134.9
8,294,2.14,135.1,135.2
8,295,2.11,135.1,134.9
8,296,2.10,135.2,134.8
8,297,2.09,135.2,134.6
8,298,2.13,135.1,135.1
8,299,2.11,135.2,134.9
8,300,2.09,135.2,134.7
8,301,2.14,135.1,135.2
8,302,2.13,135.1,135.1
8,303,2.11,135.2,134.8
8,304,2.09,135.2,134.7
8,305,2.15,135.2,135.3
8,306,2.12,135.2,135.0
8,307,2.11,135.2,134.8
8,308,2.09,135.2,134.7
8,309,2.15,135.2,135.3
8,310,2.13,135.3,135.1
8,311,2.11,135.3,134.9
8,312,2.16,135.3,135.4
8,313,2.13,135.3,135.1
8,314,2.12,135.3,134.9
8,315,2.10,135.3,134.8
8,316,2.15,135.3,135.4
8,317,2.13,135.3,135.1
8,318,2.12,135.4,135.0
8,319,2.10,135.4,134.8
8,320,2.12,135.4,135.0
8,321,2.11,135.3,134.8
8,322,2.09,135.3,134.7
8,323,2.19,135.3,135.7
8,324,2.15,135.3,135.4
8,325,2.14,135.4,135.2
8,326,2.12,135.4,135.0
8,327,2.11,135.4,134.9
8,328,2.10,135.4,134.8
8,329,2.16,135.4,135.4
8,330,2.14,135.4,135.2
8,331,2.13,135.5,135.1
8,332,2.11,135.5,134.9
8,333,2.10,135.4,134.8
8,334,2.16,135.4,135.5
8,335,2.15,135.4,135.3
8,336,2.13,135.5,135.1
8,337,2.12,135.5,135.0
8,338,2.11,135.5,134.8
8,339,2.10,135.5,134.7
8,340,2.16,135.5,135.4
8,341,2.15,135.5,135.3
8,342,2.13,135.5,135.1
8,343,2.12,135.5,135.0
8,344,2.10,135.5,134.8
8,345,2.15,135.5,135.4
8,346,2.15,135.5,135.3
8,347,2.13,135.5,135.1
8,348,2.12,135.6,135.0
8,349,2.10,135.5,134.8
8,350,2.09,135.5,134.7
8,351,2.17,135.5,135.6
8,352,2.16,135.6,135.5
8,353,2.15,135.6,135.3
8,354,2.14,135.7,135.2
8,355,2.12,135.7,135.0
8,356,2.11,135.7,134.9
8,357,2.10,135.6,134.8
8,358,2.16,135.6,135.4
8,359,2.15,135.6,135.3
8,360,2.13,135.6,135.1
8,361,2.12,135.6,135.0
8,362,2.11,135.6,134.9
8,363,2.11,135.6,134.9
8,364,2.13,135.6,135.1
8,365,2.11,135.6,134.9
8,366,2.10,135.5,134.8
8,367,2.16,135.5,135.5
8,368,2.15,135.6,135.3
8,369,2.14,135.6,135.2
8,370,2.13,135.6,135.1
8,371,2.11,135.6,134.9
8,372,2.14,135.6,135.2
8,373,2.14,135.6,135.2
8,374,2.13,135.6,135.1
8,375,2.11,135.6,134.9
8,376,2.10,135.6,134.8
8,377,2.09,135.6,134.7
8,378,2.18,135.6,135.6
8,379,2.16,135.6,135.4
8,380,2.15,135.7,135.3
8,381,2.14,135.7,135.2
8,382,2.12,135.7,135.0
8,383,2.11,135.7,134.9
8,384,2.10,135.7,134.8
8,385,2.19,135.7,135.7
8,386,2.17,135.7,135.5
8,387,2.16,135.8,135.4
8,388,2.14,135.8,135.2
8,389,2.13,135.8,135.1
8,390,2.11,135.8,134.9
8,391,2.10,135.8,134.8
8,392,2.18,135.7,135.6
8,393,2.17,135.7,135.5
8,394,2.15,135.8,135.3
8,395,2.14,135.8,135.2
8,396,2.13,135.8,135.1
8,397,2.11,135.8,134.9
8,398,2.11,135.8,134.8
8,399,2.09,135.7,134.7
8,400,2.17,135.7,135.5
8,401,2.15,135.7,135.3
8,402,2.14,135.8,135.2
8,403,2.13,135.8,135.1
8,404,2.11,135.8,134.9
8,405,2.10,135.8,134.8
8,406,2.09,135.7,134.6
8,407,2.18,135.7,135.6
8,408,2.16,135.7,135.4
8,409,2.15,135.8,135.3
8,410,2.14,135.8,135.2
8,411,2.13,135.8,135.1
8,412,2.11,135.8,134.9
8,413,2.10,135.8,134.8
8,414,2.18,135.7,135.6
8,415,2.16,135.8,135.4
8,416,2.15,135.8,135.3
8,417,2.13,135.8,135.2
8,418,2.12,135.9,135.0
8,419,2.11,135.8,134.9
8,420,2.10,135.8,134.8
8,421,2.12,135.8,135.0
8,422,2.17,135.8,135.5
8,423,2.16,135.8,135.4
8,424,2.15,135.9,135.3
8,425,2.13,135.9,135.1
8,426,2.12,135.9,135.0
8,427,2.11,135.9,134.9
8,428,2.10,135.8,134.8
8,429,2.17,135.8,135.5
8,430,2.16,135.8,135.4
8,431,2.14,135.9,135.3
8,432,2.13,135.9,135.1
8,433,2.12,135.9,135.0
8,434,2.11,135.9,134.8
8,435,2.10,135.8,134.7
8,436,2.17,135.8,135.6
8,437,2.16,135.8,135.4
8,438,2.14,135.8,135.3
8,439,2.13,135.9,135.1
8,440,2.12,135.9,135.0
8,441,2.11,135.8,134.9
8,442,2.10,135.8,134.7
8,443,2.19,135.7,135.7
8,444,2.17,135.8,135.5
8,445,2.15,135.8,135.4
8,446,2.14,135.9,135.2
8,447,2.13,135.9,135.1
8,448,2.12,135.9,135.0
8,449,2.10,135.8,134.8
8,450,2.10,135.8,134.8
8,451,2.15,135.8,135.4
8,452,2.15,135.8,135.3
8,453,2.13,135.8,135.1
8,454,2.12,135.8,135.0
8,455,2.11,135.8,134.9
8,456,2.11,135.8,134.9
8,457,2.10,135.7,134.8
8,458,2.13,135.7,135.1
8,459,2.12,135.7,135.0
8,460,2.11,135.7,134.9
8,461,2.12,135.7,135.0
8,462,2.16,135.7,135.4
8,463,2.14,135.8,135.3
8,464,2.13,135.8,135.1
8,465,2.12,135.8,135.0
8,466,2.11,135.8,134.9
8,467,2.10,135.8,134.7
8,468,2.09,135.7,134.7
8,469,2.16,135.7,135.4
8,470,2.15,135.7,135.3
8,471,2.13,135.8,135.1
8,472,2.12,135.8,135.0
8,473,2.11,135.8,134.9
8,474,2.11,135.8,134.9
8,475,2.11,135.7,134.9
8,476,2.10,135.7,134.8
8,477,2.09,135.7,134.7
8,478,2.15,135.7,135.4
8,479,2.14,135.7,135.2
8,480,2.13,135.7,135.1
8,481,2.12,135.8,135.0
8,482,2.11,135.7,134.9
8,483,2.16,135.7,135.4
8,484,2.14,135.7,135.3
8,485,2.13,135.8,135.1
8,486,2.12,135.8,135.0
8,487,2.11,135.8,134.9
8,488,2.10,135.7,134.7
8,489,2.17,135.7,135.5
8,490,2.15,135.8,135.4
8,491,2.14,135.8,135.2
8,492,2.13,135.8,135.1
8,493,2.12,135.8,135.0
8,494,2.10,135.8,134.8
8,495,2.09,135.7,134.7
8,496,2.17,135.7,135.5
8,497,2.15,135.7,135.3
8,498,2.14,135.8,135.2
8,499,2.13,135.8,135.1
8,500,2.12,135.8,135.0
8,501,2.11,135.7,134.9
8,502,2.09,135.7,134.7
8,503,2.17,135.7,135.5
8,504,2.15,135.7,135.3
8,505,2.14,135.7,135.2
8,506,2.13,135.7,135.1
8,507,2.12,135.7,135.0
8,508,2.10,135.7,134.8
8,509,2.12,135.7,135.0
8,510,2.11,135.7,134.9
8,511,2.10,135.6,134.8
8,512,2.16,135.6,135.4
8,513,2.14,135.6,135.2
8,514,2.13,135.6,135.1
8,515,2.12,135.6,135.0
8,516,2.10,135.6,134.8
8,517,2.09,135.6,134.7
8,518,2.15,135.6,135.4
8,519,2.14,135.6,135.2
8,520,2.13,135.6,135.1
8,521,2.12,135.7,135.0
8,522,2.11,135.7,134.8
8,523,2.15,135.6,135.3
8,524,2.14,135.6,135.2
8,525,2.13,135.6,135.1
8,526,2.11,135.6,134.9
8,527,2.11,135.6,134.8
9,528,1.99,135.6,135.6
9,529,1.64,135.5,135.5
9,530,1.48,135.1,135.1
9,531,1.32,134.5,134.5
9,532,1.19,134.0,134.0
9,533,1.07,133.4,133.4
9,534,0.97,132.8,132.8
9,535,0.86,132.1,132.1
9,536,0.75,131.4,131.4
9,537,0.68,130.7,130.7
9,538,0.60,130.0,130.0
9,539,0.54,129.2,129.2
9,540,0.49,128.6,128.6
9,541,0.43,127.8,127.8
9,542,0.40,127.2,127.2
9,543,0.36,126.5,126.5
9,544,0.32,125.9,125.9
9,545,0.29,125.3,125.3
9,546,0.26,124.7,124.7
9,547,0.23,124.1,124.1
9,548,0.21,123.6,123.6
9,549,0.19,123.1,123.1
9,550,0.16,122.6,122.6
9,551,0.15,122.1,122.1
9,552,0.13,121.7,121.7
9,553,0.12,121.4,121.4
9,554,0.11,121.0,121.0
9,555,0.10,120.7,120.7
9,556,0.04,120.4,120.4
9,557,-0.01,120.1,120.1
9,558,-0.04,119.9,119.9
9,559,-0.06,119.7,119.7
9,560,-0.10,119.5,119.5
9,561,-0.13,119.3,119.3
9,562,-0.16,119.2,119.2
9,563,-0.18,119.0,119.0
9,564,-0.21,118.9,118.9
9,565,-0.23,118.8,118.8
9,566,-0.25,118.8,118.8
9,567,-0.27,118.7,118.7
9,568,-0.28,118.7,118.7
9,569,-0.29,118.7,118.7
9,570,-0.31,118.6,118.6
9,571,-0.32,118.6,118.6
9,572,-0.33,118.6,118.6
9,573,-0.34,118.6,118.6
9,574,-0.35,118.6,118.6
9,575,-0.37,118.6,118.6
9,576,-0.37,118.7,118.7
9,577,-0.39,118.7,118.7
9,578,-0.40,118.8,118.8
9,579,-0.41,118.8,118.8
9,580,-0.42,118.9,118.9
10,581,-0.44,119.0,119.0
10,582,-0.45,119.1,119.1
10,583,-0.45,119.1,119.1
10,584,-0.46,119.2,119.2
10,585,-0.46,119.3,119.3
10,586,-0.48,119.4,119.4
10,587,-0.48,119.4,119.4
10,588,-0.49,119.5,119.5
10,589,-0.50,119.6,119.6
10,590,-0.51,119.7,119.7
10,591,-0.51,119.8,119.8
10,592,-0.52,119.8,119.8
10,593,-0.53,119.9,119.9
10,594,-0.54,120.0,120.0
10,595,-0.55,120.0,120.0
10,596,-0.56,120.1,120.1
10,597,-0.57,120.1,120.1
10,598,-0.58,120.2,120.2
10,599,-0.59,120.2,120.2
10,600,-0.60,120.3,120.3
10,601,-0.61,120.3,120.3
10,602,-0.62,120.4,120.4
10,603,-0.63,120.4,120.4
10,604,-0.63,120.5,120.5
10,605,-0.64,120.5,120.5
10,606,-0.65,120.6,120.6
10,607,-0.66,120.6,120.6
10,608,-0.67,120.7,120.7
10,609,-0.68,120.7,120.7
10,610,-0.69,120.8,120.8
10,611,-0.70,120.8,120.8
10,612,-0.71,120.9,120.9
10,613,-0.72,120.9,120.9
10,614,-0.71,120.9,120.9
10,615,-0.72,121.0,121.0
10,616,-0.73,121.1,121.1
10,617,-0.74,121.1,121.1
10,618,-0.75,121.2,121.2
10,619,-0.75,121.3,121.3
10,620,-0.76,121.3,121.3
10,621,-0.76,121.4,121.4
10,622,-0.76,121.5,121.5
10,623,-0.77,121.5,121.5
10,624,-0.77,121.6,121.6
10,625,-0.77,121.6,121.6
10,626,-0.78,121.7,121.7
10,627,-0.77,121.7,121.7
10,628,-0.77,121.8,121.8
10,629,-0.78,121.9,121.9
10,630,-0.78,122.0,122.0
10,631,-0.79,122.0,122.0
10,632,-0.79,122.1,122.1
10,633,-0.79,122.2,122.2
10,634,-0.80,122.2,122.2
10,635,-0.80,122.3,122.3
10,636,-0.80,122.3,122.3
10,637,-0.80,122.4,122.4
10,638,-0.78,122.4,122.4
10,639,-0.79,122.5,122.5
10,640,-0.80,122.5,122.5
10,641,-0.80,122.6,122.6
10,642,-0.81,122.6,122.6
10,643,-0.81,122.7,122.7
10,644,-0.81,122.7,122.7
10,645,-0.82,122.7,122.7
10,646,-0.82,122.8,122.8
10,647,-0.83,122.8,122.8
10,648,-0.83,122.8,122.8
10,649,-0.83,122.8,122.8
10,650,-0.81,122.9,122.9
10,651,-0.82,122.9,122.9
10,652,-0.83,122.9,122.9
10,653,-0.83,123.0,123.0
10,654,-0.83,123.0,123.0
10,655,-0.83,123.0,123.0
10,656,-0.83,123.0,123.0
10,657,-0.83,123.1,123.1
10,658,-0.83,123.1,123.1
10,659,-0.83,123.1,123.1
10,660,-0.84,123.1,123.1
10,661,-0.84,123.1,123.1
10,662,-0.83,123.1,123.1
10,663,-0.83,123.1,123.1
10,664,-0.83,123.2,123.2
10,665,-0.83,123.2,123.2
10,666,-0.84,123.2,123.2
10,667,-0.84,123.2,123.2
10,668,-0.84,123.2,123.2
10,669,-0.85,123.2,123.2
10,670,-0.85,123.2,123.2
10,671,-0.85,123.2,123.2
10,672,-0.85,123.2,123.2
10,673,-0.85,123.2,123.2
10,674,-0.84,123.2,123.2
10,675,-0.83,123.2,123.2
10,676,-0.84,123.2,123.2
10,677,-0.85,123.2,123.2
10,678,-0.85,123.2,123.2
10,679,-0.85,123.2,123.2
10,680,-0.86,123.2,123.2
10,681,-0.86,123.2,123.2
10,682,-0.86,123.2,123.2
10,683,-0.86,123.2,123.2
10,684,-0.86,123.1,123.1
10,685,-0.85,123.1,123.1
10,686,-0.85,123.1,123.1
10,687,-0.85,123.1,123.1
10,688,-0.86,123.1,123.1
10,689,-0.86,123.1,123.1
10,690,-0.86,123.1,123.1
10,691,-0.86,123.1,123.1
10,692,-0.86,123.0,123.0
10,693,-0.87,123.0,123.0
10,694,-0.87,123.0,123.0
10,695,-0.87,123.0,123.0
10,696,-0.87,123.0,123.0
10,697,-0.87,123.0,123.0
10,698,-0.87,122.9,122.9
10,699,-0.87,122.9,122.9
10,700,-0.85,122.9,122.9
10,701,-0.84,122.9,122.9
10,702,-0.85,122.9,122.9
10,703,-0.86,122.9,122.9
10,704,-0.86,122.8,122.8
10,705,-0.86,122.8,122.8
10,706,-0.86,122.8,122.8
10,707,-0.86,122.8,122.8
10,708,-0.86,122.7,122.7
10,709,-0.86,122.7,122.7
10,710,-0.86,122.7,122.7
10,711,-0.87,122.7,122.7
10,712,-0.86,122.6,122.6
10,713,-0.86,122.6,122.6
10,714,-0.86,122.6,122.6
10,715,-0.86,122.5,122.5
10,716,-0.86,122.5,122.5
10,717,-0.87,122.5,122.5
10,718,-0.87,122.5,122.5
10,719,-0.87,122.4,122.4
10,720,-0.87,122.4,122.4
10,721,-0.87,122.4,122.4
10,722,-0.87,122.4,122.4
10,723,-0.87,122.3,122.3
10,724,-0.87,122.3,122.3
10,725,-0.87,122.3,122.3
10,726,-0.87,122.2,122.2
10,727,-0.88,122.2,122.2
10,728,-0.87,122.2,122.2
10,729,-0.87,122.1,122.1
10,730,-0.88,122.1,122.1
10,731,-0.87,122.0,122.0
10,732,-0.88,122.0,122.0
10,733,-0.87,122.0,122.0
10,734,-0.88,121.9,121.9
10,735,-0.87,121.9,121.9
10,736,-0.87,121.8,121.8
10,737,-0.87,121.8,121.8
10,738,-0.87,121.8,121.8
10,739,-0.88,121.7,121.7
10,740,-0.87,121.7,121.7
10,741,-0.88,121.7,121.7
10,742,-0.88,121.7,121.7
10,743,-0.87,121.6,121.6
10,744,-0.87,121.6,121.6
10,745,-0.88,121.6,121.6
10,746,-0.87,121.6,121.6
10,747,-0.88,121.5,121.5
10,748,-0.87,121.5,121.5
10,749,-0.88,121.5,121.5
10,750,-0.88,121.4,121.4
10,751,-0.88,121.4,121.4
10,752,-0.87,121.3,121.3
10,753,-0.88,121.3,121.3
10,754,-0.88,121.3,121.3
10,755,-0.88,121.2,121.2
10,756,-0.88,121.2,121.2
10,757,-0.88,121.2,121.2
10,758,-0.88,121.1,121.1
10,759,-0.88,121.1,121.1
10,760,-0.88,121.1,121.1
10,761,-0.88,121.0,121.0
10,762,-0.89,121.0,121.0
11,763,-0.72,121.0,121.0
11,764,-0.62,121.0,121.0
11,765,-0.51,121.0,121.0
11,766,-0.41,121.1,121.1
11,767,-0.34,121.3,121.3
11,768,-0.28,121.4,121.4
11,769,-0.22,121.5,121.5
11,770,-0.18,121.6,121.6
11,771,-0.15,121.6,121.6
11,772,-0.13,121.7,121.7
11,773,-0.11,121.8,121.8
11,774,-0.10,121.8,121.8
11,775,-0.09,121.8,121.8
11,776,-0.08,121.8,121.8
11,777,-0.08,121.8,121.8
12,778,-0.05,121.7,121.7
0.88,121.1,121.1
10,760,-0.88,121.1,121.1
10,761,-0.88,121.0,121.0
10,762,-0.89,121.0,121.0
11,76