Sterilisator,counter: 00062
Sterilisator,model: Steamjet ST1
Sterilisator,serial: ST1-5036
Sterilisator,firmware: 14.6
Sterilisator,start time: 17-01-17 14:19:38
Sterilisator,type: 134
phase, time [sec], presure [Bar], temperature [°C], temperaturecalc [°C]
0,0,0.00,116.7,116.7
1,1,-0.01,116.6,116.6
1,2,-0.01,116.5,116.5
1,3,-0.01,116.4,116.4
1,4,-0.01,116.2,116.2
1,5,-0.01,116.1,116.1
1,6,-0.01,115.9,115.9
1,7,-0.01,115.9,115.9
1,8,-0.01,115.8,115.8
1,9,-0.01,115.8,115.8
1,10,-0.01,115.8,115.8
1,11,-0.01,115.8,115.8
1,12,-0.01,115.8,115.8
1,13,-0.01,115.7,115.7
1,14,-0.01,115.7,115.7
1,15,-0.01,115.6,115.6
1,16,-0.01,115.6,115.6
1,17,-0.01,115.5,115.5
1,18,-0.00,115.5,115.5
1,19,-0.01,115.4,115.4
1,20,-0.01,115.4,115.4
1,21,-0.00,115.4,115.4
1,22,-0.00,115.3,115.3
1,23,-0.00,115.3,115.3
1,24,-0.00,115.2,115.2
1,25,0.00,115.2,115.2
1,26,-0.00,115.2,115.2
1,27,-0.00,115.2,115.2
1,28,0.00,115.1,115.1
1,29,0.00,115.1,115.1
1,30,-0.00,115.1,115.1
1,31,0.00,115.1,115.1
2,32,-0.02,115.1,115.1
2,33,-0.08,115.1,115.1
2,34,-0.12,115.0,115.0
2,35,-0.17,115.0,115.0
2,36,-0.22,114.9,114.9
2,37,-0.26,114.9,114.9
2,38,-0.29,114.8,114.8
2,39,-0.33,114.7,114.7
2,40,-0.36,114.6,114.6
2,41,-0.39,114.5,114.5
2,42,-0.41,114.4,114.4
2,43,-0.44,114.4,114.4
2,44,-0.47,114.3,114.3
2,45,-0.49,114.2,114.2
2,46,-0.51,114.1,114.1
2,47,-0.53,114.1,114.1
2,48,-0.55,114.0,114.0
2,49,-0.57,114.0,114.0
2,50,-0.58,114.0,114.0
2,51,-0.60,114.0,114.0
2,52,-0.62,113.9,113.9
2,53,-0.63,113.9,113.9
2,54,-0.64,113.9,113.9
2,55,-0.66,113.9,113.9
2,56,-0.67,114.0,114.0
2,57,-0.68,114.0,114.0
2,58,-0.69,114.0,114.0
2,59,-0.70,114.0,114.0
2,60,-0.71,114.1,114.1
2,61,-0.72,114.1,114.1
2,62,-0.72,114.1,114.1
2,63,-0.73,114.2,114.2
2,64,-0.74,114.2,114.2
2,65,-0.75,114.3,114.3
2,66,-0.76,114.3,114.3
2,67,-0.76,114.4,114.4
2,68,-0.77,114.4,114.4
2,69,-0.77,114.5,114.5
2,70,-0.77,114.5,114.5
2,71,-0.78,114.6,114.6
2,72,-0.79,114.6,114.6
2,73,-0.79,114.7,114.7
2,74,-0.79,114.7,114.7
2,75,-0.80,114.8,114.8
2,76,-0.80,114.8,114.8
3,77,-0.60,114.9,114.9
3,78,-0.25,115.0,115.0
3,79,-0.12,115.2,115.2
3,80,-0.08,115.5,115.5
3,81,0.32,115.7,115.7
3,82,0.90,116.0,116.0
3,83,0.91,116.6,116.6
3,84,0.92,117.1,117.1
3,85,0.91,117.6,117.6
3,86,1.03,118.0,118.0
3,87,1.04,118.4,118.4
4,88,0.79,118.8,118.8
4,89,0.57,119.0,119.0
4,90,0.40,119.1,119.1
4,91,0.27,119.0,119.0
4,92,0.16,118.9,118.9
4,93,0.07,118.7,118.7
4,94,-0.08,118.5,118.5
4,95,-0.20,118.2,118.2
4,96,-0.32,117.9,117.9
4,97,-0.41,117.7,117.7
4,98,-0.50,117.4,117.4
4,99,-0.56,117.1,117.1
4,100,-0.60,116.9,116.9
4,101,-0.63,116.6,116.6
4,102,-0.67,116.3,116.3
4,103,-0.70,116.0,116.0
4,104,-0.72,115.9,115.9
4,105,-0.75,115.9,115.9
4,106,-0.72,115.9,115.9
4,107,-0.76,115.9,115.9
4,108,-0.77,115.9,115.9
4,109,-0.78,115.9,115.9
4,110,-0.78,116.0,116.0
4,111,-0.78,116.2,116.2
4,112,-0.78,116.4,116.4
4,113,-0.79,116.5,116.5
4,114,-0.79,116.7,116.7
4,115,-0.79,116.8,116.8
4,116,-0.78,116.9,116.9
4,117,-0.79,117.0,117.0
4,118,-0.79,117.2,117.2
5,119,-0.80,117.3,117.3
5,120,-0.20,117.4,117.4
5,121,-0.05,117.6,117.6
5,122,-0.09,117.9,117.9
5,123,-0.12,118.2,118.2
5,124,0.29,118.5,118.5
5,125,0.83,118.8,118.8
5,126,0.78,119.2,119.2
5,127,0.74,119.6,119.6
5,128,0.70,120.0,120.0
5,129,1.05,120.4,120.4
5,130,1.03,120.8,120.8
6,131,0.91,121.2,121.2
6,132,0.66,121.5,121.5
6,133,0.45,121.7,121.7
6,134,0.28,121.7,121.7
6,135,0.15,121.7,121.7
6,136,0.06,121.6,121.6
6,137,-0.09,121.4,121.4
6,138,-0.24,121.1,121.1
6,139,-0.31,120.9,120.9
6,140,-0.39,120.6,120.6
6,141,-0.46,120.3,120.3
6,142,-0.52,120.1,120.1
6,143,-0.56,119.8,119.8
6,144,-0.60,119.6,119.6
6,145,-0.63,119.5,119.5
6,146,-0.66,119.3,119.3
6,147,-0.69,119.2,119.2
6,148,-0.71,119.2,119.2
6,149,-0.72,119.1,119.1
6,150,-0.73,119.1,119.1
6,151,-0.75,119.1,119.1
6,152,-0.75,119.1,119.1
6,153,-0.76,119.1,119.1
6,154,-0.76,119.2,119.2
6,155,-0.76,119.2,119.2
6,156,-0.77,119.3,119.3
6,157,-0.78,119.3,119.3
6,158,-0.78,119.4,119.4
6,159,-0.79,119.5,119.5
6,160,-0.78,119.5,119.5
6,161,-0.78,119.6,119.6
6,162,-0.79,119.7,119.7
6,163,-0.79,119.7,119.7
6,164,-0.79,119.8,119.8
6,165,-0.80,119.9,119.9
7,166,0.08,120.0,120.0
7,167,0.16,120.2,120.2
7,168,0.10,120.5,120.5
7,169,0.06,120.8,120.8
7,170,0.44,121.1,121.1
7,171,1.02,121.4,121.4
7,172,0.95,121.8,121.8
7,173,0.92,122.3,122.3
7,174,0.89,122.7,122.7
7,175,1.36,123.1,123.1
7,176,1.36,123.6,123.6
7,177,1.33,124.2,124.2
7,178,1.30,124.8,124.8
7,179,1.42,125.1,125.1
7,180,1.63,125.6,125.6
7,181,1.61,126.3,126.3
7,182,1.57,127.0,127.0
7,183,1.56,127.5,127.5
7,184,1.76,128.0,128.0
7,185,1.84,128.6,128.6
7,186,1.80,129.2,129.2
7,187,1.80,129.8,129.8
7,188,1.82,130.3,130.3
7,189,1.98,130.7,130.7
7,190,1.98,131.3,131.3
7,191,1.97,131.8,131.8
7,192,1.95,132.2,132.2
7,193,2.03,132.6,132.6
7,194,2.10,132.9,132.9
7,195,2.12,133.4,133.4
7,196,2.13,133.8,133.8
7,197,2.12,134.1,134.1
7,198,2.11,134.4,134.4
7,199,2.10,134.7,134.7
7,200,2.11,134.8,134.8
7,201,2.10,135.0,135.0
7,202,2.11,135.1,135.1
7,203,2.09,135.1,135.1
8,204,2.12,135.2,135.0
8,205,2.10,135.2,134.8
8,206,2.10,135.2,134.8
8,207,2.12,135.3,135.0
8,208,2.10,135.3,134.8
8,209,2.11,135.3,134.9
8,210,2.10,135.3,134.7
8,211,2.11,135.3,134.9
8,212,2.10,135.3,134.8
8,213,2.10,135.3,134.8
8,214,2.10,135.3,134.8
8,215,2.11,135.3,134.8
8,216,2.13,135.3,135.1
8,217,2.10,135.3,134.8
8,218,2.12,135.3,135.0
8,219,2.10,135.3,134.8
8,220,2.11,135.3,134.8
8,221,2.10,135.3,134.8
8,222,2.11,135.3,134.9
8,223,2.11,135.3,134.9
8,224,2.10,135.4,134.8
8,225,2.09,135.4,134.7
8,226,2.11,135.3,134.9
8,227,2.10,135.3,134.8
8,228,2.10,135.3,134.8
8,229,2.12,135.3,135.0
8,230,2.11,135.3,134.9
8,231,2.10,135.3,134.8
8,232,2.10,135.3,134.8
8,233,2.11,135.3,134.9
8,234,2.11,135.4,134.8
8,235,2.12,135.4,135.0
8,236,2.11,135.4,134.9
8,237,2.11,135.4,134.8
8,238,2.14,135.4,135.2
8,239,2.12,135.4,135.0
8,240,2.11,135.4,134.9
8,241,2.11,135.4,134.8
8,242,2.11,135.4,134.9
8,243,2.10,135.4,134.8
8,244,2.10,135.4,134.8
8,245,2.10,135.4,134.7
8,246,2.13,135.4,135.1
8,247,2.11,135.4,134.9
8,248,2.11,135.4,134.9
8,249,2.11,135.4,134.8
8,250,2.10,135.4,134.8
8,251,2.13,135.4,135.1
8,252,2.12,135.4,135.0
8,253,2.11,135.4,134.9
8,254,2.11,135.4,134.9
8,255,2.10,135.4,134.8
8,256,2.10,135.4,134.8
8,257,2.13,135.4,135.1
8,258,2.12,135.4,134.9
8,259,2.11,135.4,134.9
8,260,2.11,135.4,134.8
8,261,2.10,135.4,134.8
8,262,2.13,135.4,135.1
8,263,2.12,135.4,135.0
8,264,2.11,135.4,134.9
8,265,2.11,135.4,134.9
8,266,2.10,135.4,134.8
8,267,2.10,135.4,134.8
8,268,2.13,135.4,135.1
8,269,2.12,135.4,135.0
8,270,2.11,135.4,134.9
8,271,2.11,135.4,134.9
8,272,2.10,135.4,134.8
8,273,2.11,135.4,134.9
8,274,2.10,135.4,134.8
8,275,2.12,135.4,134.9
8,276,2.11,135.4,134.9
8,277,2.11,135.4,134.8
8,278,2.11,135.4,134.9
8,279,2.11,135.4,134.9
8,280,2.11,135.4,134.9
8,281,2.10,135.4,134.8
8,282,2.12,135.4,135.0
8,283,2.12,135.4,135.0
8,284,2.11,135.4,134.9
8,285,2.10,135.4,134.8
8,286,2.10,135.4,134.8
8,287,2.10,135.4,134.8
8,288,2.13,135.4,135.1
8,289,2.12,135.4,135.0
8,290,2.12,135.4,135.0
8,291,2.11,135.4,134.9
8,292,2.11,135.4,134.9
8,293,2.10,135.4,134.8
8,294,2.10,135.4,134.8
8,295,2.13,135.4,135.1
8,296,2.12,135.4,135.0
8,297,2.12,135.4,134.9
8,298,2.11,135.4,134.9
8,299,2.11,135.4,134.8
8,300,2.12,135.4,135.0
8,301,2.12,135.4,135.0
8,302,2.11,135.4,134.9
8,303,2.11,135.4,134.8
8,304,2.10,135.4,134.8
8,305,2.10,135.4,134.7
8,306,2.12,135.4,135.0
8,307,2.11,135.4,134.9
8,308,2.11,135.4,134.8
8,309,2.11,135.4,134.8
8,310,2.10,135.4,134.8
8,311,2.13,135.4,135.1
8,312,2.12,135.4,135.0
8,313,2.12,135.4,135.0
8,314,2.11,135.4,134.9
8,315,2.11,135.4,134.9
8,316,2.10,135.4,134.8
8,317,2.13,135.4,135.1
8,318,2.12,135.4,135.0
8,319,2.12,135.4,135.0
8,320,2.11,135.4,134.9
8,321,2.11,135.4,134.9
8,322,2.11,135.4,134.9
8,323,2.11,135.4,134.9
8,324,2.12,135.4,135.0
8,325,2.11,135.4,134.9
8,326,2.11,135.4,134.8
8,327,2.11,135.4,134.8
8,328,2.10,135.4,134.8
8,329,2.13,135.4,135.1
8,330,2.12,135.4,135.0
8,331,2.11,135.4,134.9
8,332,2.11,135.4,134.9
8,333,2.10,135.4,134.8
8,334,2.10,135.4,134.8
8,335,2.13,135.4,135.1
8,336,2.12,135.4,135.0
8,337,2.12,135.4,135.0
8,338,2.11,135.4,134.9
8,339,2.10,135.4,134.8
8,340,2.13,135.4,135.1
8,341,2.12,135.4,135.0
8,342,2.12,135.4,134.9
8,343,2.11,135.4,134.9
8,344,2.10,135.4,134.8
8,345,2.10,135.4,134.8
8,346,2.11,135.4,134.9
8,347,2.11,135.4,134.8
8,348,2.10,135.3,134.8
8,349,2.13,135.3,135.1
8,350,2.12,135.3,134.9
8,351,2.11,135.3,134.9
8,352,2.11,135.4,134.9
8,353,2.11,135.3,134.9
8,354,2.11,135.3,134.9
8,355,2.10,135.3,134.8
8,356,2.10,135.3,134.8
8,357,2.12,135.3,135.0
8,358,2.12,135.4,134.9
8,359,2.11,135.4,134.9
8,360,2.11,135.4,134.8
8,361,2.10,135.3,134.8
8,362,2.13,135.3,135.1
8,363,2.12,135.3,135.0
8,364,2.11,135.4,134.9
8,365,2.11,135.4,134.9
8,366,2.10,135.4,134.8
8,367,2.11,135.4,134.9
8,368,2.12,135.4,135.0
8,369,2.11,135.4,134.9
8,370,2.11,135.4,134.8
8,371,2.10,135.3,134.8
8,372,2.10,135.3,134.8
8,373,2.11,135.3,134.9
8,374,2.11,135.3,134.9
8,375,2.10,135.3,134.8
8,376,2.10,135.3,134.8
8,377,2.12,135.3,135.0
8,378,2.12,135.4,134.9
8,379,2.11,135.4,134.9
8,380,2.11,135.4,134.9
8,381,2.10,135.4,134.8
8,382,2.12,135.3,135.0
8,383,2.11,135.3,134.9
8,384,2.11,135.3,134.9
8,385,2.10,135.3,134.8
8,386,2.12,135.3,135.0
8,387,2.11,135.3,134.9
8,388,2.11,135.3,134.9
8,389,2.11,135.4,134.8
8,390,2.10,135.3,134.8
8,391,2.12,135.3,135.0
8,392,2.11,135.3,134.9
8,393,2.11,135.3,134.9
8,394,2.10,135.3,134.8
8,395,2.12,135.3,135.0
8,396,2.11,135.3,134.9
8,397,2.10,135.3,134.8
8,398,2.10,135.3,134.8
8,399,2.12,135.3,135.0
8,400,2.11,135.3,134.9
8,401,2.11,135.3,134.9
8,402,2.11,135.3,134.8
8,403,2.10,135.3,134.8
8,404,2.10,135.3,134.8
8,405,2.10,135.3,134.8
8,406,2.12,135.3,135.0
8,407,2.11,135.3,134.9
8,408,2.11,135.3,134.9
8,409,2.10,135.3,134.8
8,410,2.10,135.3,134.8
8,411,2.13,135.3,135.1
8,412,2.12,135.3,135.0
8,413,2.12,135.3,134.9
8,414,2.11,135.3,134.9
8,415,2.10,135.3,134.8
8,416,2.10,135.3,134.7
8,417,2.12,135.3,135.0
8,418,2.12,135.3,134.9
8,419,2.11,135.3,134.9
8,420,2.11,135.3,134.8
8,421,2.10,135.3,134.8
8,422,2.13,135.3,135.1
8,423,2.12,135.3,135.0
8,424,2.11,135.3,134.9
8,425,2.11,135.4,134.9
8,426,2.11,135.4,134.8
8,427,2.10,135.3,134.8
8,428,2.12,135.3,135.0
8,429,2.12,135.4,135.0
8,430,2.11,135.4,134.9
8,431,2.11,135.4,134.9
8,432,2.10,135.4,134.8
8,433,2.11,135.3,134.9
8,434,2.11,135.3,134.9
8,435,2.11,135.3,134.8
8,436,2.10,135.3,134.8
8,437,2.11,135.3,134.9
8,438,2.11,135.3,134.9
8,439,2.11,135.3,134.8
8,440,2.11,135.3,134.9
8,441,2.11,135.3,134.8
8,442,2.10,135.3,134.8
8,443,2.10,135.3,134.8
8,444,2.13,135.3,135.1
8,445,2.12,135.3,135.0
9,446,1.95,135.3,135.3
9,447,1.82,135.2,135.2
9,448,1.69,134.8,134.8
9,449,1.58,134.2,134.2
9,450,1.48,133.5,133.5
9,451,1.38,132.7,132.7
9,452,1.27,131.9,131.9
9,453,1.17,131.1,131.1
9,454,1.07,130.1,130.1
9,455,0.99,129.2,129.2
9,456,0.89,128.3,128.3
9,457,0.80,127.3,127.3
9,458,0.73,126.3,126.3
9,459,0.66,125.4,125.4
9,460,0.60,124.3,124.3
9,461,0.54,123.4,123.4
9,462,0.47,122.3,122.3
9,463,0.43,121.4,121.4
9,464,0.39,120.5,120.5
9,465,0.35,119.5,119.5
9,466,0.32,118.7,118.7
9,467,0.28,117.8,117.8
9,468,0.26,116.8,116.8
9,469,0.24,116.1,116.1
9,470,0.22,115.4,115.4
9,471,0.19,114.8,114.8
9,472,0.19,114.1,114.1
9,473,0.16,113.5,113.5
9,474,0.14,113.0,113.0
9,475,0.13,112.5,112.5
9,476,0.11,112.0,112.0
9,477,0.09,111.6,111.6
9,478,0.05,111.2,111.2
9,479,0.02,110.8,110.8
9,480,-0.01,110.4,110.4
9,481,-0.04,110.1,110.1
9,482,-0.05,109.8,109.8
9,483,-0.07,109.4,109.4
9,484,-0.09,109.1,109.1
9,485,-0.12,108.8,108.8
9,486,-0.14,108.4,108.4
9,487,-0.16,108.1,108.1
9,488,-0.17,107.9,107.9
9,489,-0.19,107.6,107.6
9,490,-0.21,107.3,107.3
9,491,-0.21,107.1,107.1
9,492,-0.23,106.9,106.9
9,493,-0.24,106.8,106.8
9,494,-0.26,106.6,106.6
9,495,-0.26,106.4,106.4
9,496,-0.27,106.3,106.3
9,497,-0.27,106.2,106.2
9,498,-0.28,106.1,106.1
9,499,-0.28,106.1,106.1
9,500,-0.29,106.0,106.0
9,501,-0.30,106.1,106.1
9,502,-0.30,106.1,106.1
9,503,-0.30,106.2,106.2
9,504,-0.32,106.3,106.3
9,505,-0.33,106.5,106.5
9,506,-0.33,106.6,106.6
9,507,-0.33,106.8,106.8
9,508,-0.33,107.0,107.0
9,509,-0.35,107.2,107.2
9,510,-0.36,107.4,107.4
9,511,-0.37,107.7,107.7
9,512,-0.37,107.9,107.9
9,513,-0.38,108.2,108.2
9,514,-0.39,108.4,108.4
9,515,-0.40,108.6,108.6
9,516,-0.40,108.9,108.9
9,517,-0.41,109.1,109.1
9,518,-0.42,109.3,109.3
10,519,-0.43,109.6,109.6
10,520,-0.44,109.8,109.8
10,521,-0.45,110.0,110.0
10,522,-0.46,110.2,110.2
10,523,-0.47,110.5,110.5
10,524,-0.47,110.7,110.7
10,525,-0.48,110.9,110.9
10,526,-0.49,111.1,111.1
10,527,-0.50,111.3,111.3
10,528,-0.50,111.5,111.5
10,529,-0.51,111.7,111.7
10,530,-0.51,111.9,111.9
10,531,-0.52,112.1,112.1
10,532,-0.53,112.3,112.3
10,533,-0.54,112.5,112.5
10,534,-0.54,112.7,112.7
10,535,-0.55,112.8,112.8
10,536,-0.56,113.0,113.0
10,537,-0.56,113.2,113.2
10,538,-0.57,113.3,113.3
10,539,-0.58,113.5,113.5
10,540,-0.58,113.7,113.7
10,541,-0.59,113.8,113.8
10,542,-0.60,113.9,113.9
10,543,-0.60,114.1,114.1
10,544,-0.61,114.3,114.3
10,545,-0.62,114.4,114.4
10,546,-0.62,114.6,114.6
10,547,-0.63,114.7,114.7
10,548,-0.63,114.8,114.8
10,549,-0.64,115.0,115.0
10,550,-0.64,115.1,115.1
10,551,-0.62,115.2,115.2
10,552,-0.63,115.4,115.4
10,553,-0.64,115.5,115.5
10,554,-0.64,115.6,115.6
10,555,-0.65,115.7,115.7
10,556,-0.66,115.8,115.8
10,557,-0.66,115.8,115.8
10,558,-0.66,115.9,115.9
10,559,-0.66,116.0,116.0
10,560,-0.67,116.2,116.2
10,561,-0.67,116.4,116.4
10,562,-0.68,116.5,116.5
10,563,-0.68,116.7,116.7
10,564,-0.68,116.8,116.8
10,565,-0.68,116.9,116.9
10,566,-0.69,117.0,117.0
10,567,-0.69,117.1,117.1
10,568,-0.70,117.2,117.2
10,569,-0.70,117.2,117.2
10,570,-0.70,117.3,117.3
10,571,-0.70,117.4,117.4
10,572,-0.71,117.5,117.5
10,573,-0.71,117.6,117.6
10,574,-0.71,117.6,117.6
10,575,-0.71,117.7,117.7
10,576,-0.71,117.7,117.7
10,577,-0.72,117.8,117.8
10,578,-0.72,117.9,117.9
10,579,-0.72,118.0,118.0
10,580,-0.72,118.0,118.0
10,581,-0.72,118.1,118.1
10,582,-0.72,118.1,118.1
10,583,-0.73,118.2,118.2
10,584,-0.73,118.3,118.3
10,585,-0.73,118.3,118.3
10,586,-0.73,118.4,118.4
10,587,-0.74,118.4,118.4
10,588,-0.74,118.5,118.5
10,589,-0.74,118.5,118.5
10,590,-0.74,118.5,118.5
10,591,-0.75,118.6,118.6
10,592,-0.75,118.6,118.6
10,593,-0.74,118.7,118.7
10,594,-0.74,118.7,118.7
10,595,-0.75,118.7,118.7
10,596,-0.75,118.8,118.8
10,597,-0.75,118.8,118.8
10,598,-0.75,118.8,118.8
10,599,-0.75,118.8,118.8
10,600,-0.76,118.9,118.9
10,601,-0.76,118.9,118.9
10,602,-0.76,118.9,118.9
10,603,-0.76,118.9,118.9
10,604,-0.76,119.0,119.0
10,605,-0.76,119.0,119.0
10,606,-0.77,119.0,119.0
10,607,-0.77,119.0,119.0
10,608,-0.77,119.0,119.0
10,609,-0.77,119.1,119.1
10,610,-0.77,119.1,119.1
10,611,-0.77,119.1,119.1
10,612,-0.78,119.1,119.1
10,613,-0.78,119.1,119.1
10,614,-0.78,119.1,119.1
10,615,-0.78,119.1,119.1
10,616,-0.78,119.1,119.1
10,617,-0.78,119.1,119.1
10,618,-0.78,119.1,119.1
10,619,-0.78,119.1,119.1
10,620,-0.78,119.1,119.1
10,621,-0.79,119.1,119.1
10,622,-0.79,119.1,119.1
10,623,-0.79,119.1,119.1
10,624,-0.79,119.1,119.1
10,625,-0.79,119.1,119.1
10,626,-0.79,119.1,119.1
10,627,-0.80,119.1,119.1
10,628,-0.80,119.1,119.1
10,629,-0.80,119.1,119.1
10,630,-0.80,119.1,119.1
10,631,-0.80,119.1,119.1
10,632,-0.80,119.1,119.1
10,633,-0.80,119.1,119.1
10,634,-0.80,119.1,119.1
10,635,-0.80,119.1,119.1
10,636,-0.80,119.1,119.1
10,637,-0.80,119.0,119.0
10,638,-0.81,119.0,119.0
10,639,-0.81,119.0,119.0
10,640,-0.81,119.0,119.0
10,641,-0.81,119.0,119.0
10,642,-0.80,119.0,119.0
10,643,-0.81,119.0,119.0
10,644,-0.81,119.0,119.0
10,645,-0.81,119.0,119.0
10,646,-0.81,118.9,118.9
10,647,-0.81,118.9,118.9
10,648,-0.81,118.9,118.9
10,649,-0.80,118.9,118.9
10,650,-0.80,118.9,118.9
10,651,-0.80,118.9,118.9
10,652,-0.79,118.9,118.9
10,653,-0.80,118.8,118.8
10,654,-0.80,118.8,118.8
10,655,-0.79,118.8,118.8
10,656,-0.79,118.8,118.8
10,657,-0.80,118.8,118.8
10,658,-0.79,118.7,118.7
10,659,-0.80,118.7,118.7
10,660,-0.80,118.7,118.7
10,661,-0.80,118.7,118.7
10,662,-0.80,118.6,118.6
10,663,-0.79,118.6,118.6
10,664,-0.80,118.6,118.6
10,665,-0.80,118.6,118.6
10,666,-0.80,118.5,118.5
10,667,-0.81,118.5,118.5
10,668,-0.81,118.5,118.5
10,669,-0.81,118.4,118.4
10,670,-0.80,118.4,118.4
10,671,-0.80,118.4,118.4
10,672,-0.81,118.4,118.4
10,673,-0.80,118.3,118.3
10,674,-0.80,118.3,118.3
10,675,-0.81,118.3,118.3
10,676,-0.81,118.2,118.2
10,677,-0.81,118.2,118.2
10,678,-0.82,118.2,118.2
10,679,-0.81,118.2,118.2
10,680,-0.82,118.1,118.1
10,681,-0.81,118.1,118.1
10,682,-0.81,118.1,118.1
10,683,-0.81,118.0,118.0
10,684,-0.82,118.0,118.0
10,685,-0.81,118.0,118.0
10,686,-0.81,117.9,117.9
10,687,-0.82,117.9,117.9
10,688,-0.82,117.9,117.9
10,689,-0.82,117.8,117.8
10,690,-0.82,117.8,117.8
10,691,-0.82,117.8,117.8
10,692,-0.82,117.8,117.8
10,693,-0.82,117.7,117.7
10,694,-0.82,117.7,117.7
10,695,-0.83,117.7,117.7
10,696,-0.83,117.7,117.7
10,697,-0.83,117.6,117.6
10,698,-0.83,117.6,117.6
10,699,-0.83,117.6,117.6
10,700,-0.83,117.6,117.6
11,701,-0.68,117.5,117.5
11,702,-0.58,117.5,117.5
11,703,-0.48,117.6,117.6
11,704,-0.38,117.7,117.7
11,705,-0.31,117.8,117.8
11,706,-0.24,117.9,117.9
11,707,-0.20,118.0,118.0
11,708,-0.16,118.2,118.2
11,709,-0.13,118.3,118.3
11,710,-0.11,118.4,118.4
11,711,-0.09,118.5,118.5
11,712,-0.08,118.5,118.5
11,713,-0.08,118.5,118.5
11,714,-0.07,118.5,118.5
11,715,-0.07,118.5,118.5
12,716,-0.05,118.5,118.5
0.83,117.6,117.6
10,698,-0.83,117.6,117.6
10,699,-0.83,117.6,117.6
10,700,-0.83,117.6,117.6
11,70