Sterilisator,counter: 00039
Sterilisator,model: Steamjet ST1
Sterilisator,serial: ST1-5036
Sterilisator,firmware: 14.6
Sterilisator,start time: 13-01-17 10:54:42
Sterilisator,type: 134
phase, time [sec], presure [Bar], temperature [°C], temperaturecalc [°C]
0,0,-0.00,92.1,92.1
1,1,-0.01,92.0,92.0
1,2,-0.01,91.8,91.8
1,3,-0.01,91.6,91.6
1,4,-0.01,91.4,91.4
1,5,-0.01,91.2,91.2
1,6,-0.01,91.0,91.0
1,7,-0.01,90.8,90.8
1,8,-0.01,90.6,90.6
1,9,-0.01,90.4,90.4
1,10,-0.01,90.3,90.3
1,11,-0.01,90.1,90.1
1,12,-0.01,89.9,89.9
1,13,-0.01,89.8,89.8
1,14,-0.01,89.6,89.6
1,15,-0.00,89.5,89.5
1,16,-0.00,89.4,89.4
1,17,-0.00,89.2,89.2
1,18,-0.01,89.1,89.1
1,19,-0.01,89.0,89.0
1,20,-0.00,88.9,88.9
1,21,-0.00,88.8,88.8
1,22,-0.00,88.7,88.7
1,23,-0.00,88.5,88.5
1,24,-0.00,88.5,88.5
1,25,0.00,88.4,88.4
1,26,-0.00,88.3,88.3
1,27,-0.00,88.2,88.2
1,28,-0.00,88.1,88.1
1,29,0.00,88.1,88.1
1,30,0.00,88.0,88.0
1,31,0.00,87.9,87.9
1,32,0.00,87.9,87.9
1,33,0.00,87.8,87.8
1,34,0.01,87.8,87.8
1,35,0.01,87.7,87.7
1,36,0.01,87.7,87.7
1,37,0.01,87.6,87.6
1,38,0.01,87.6,87.6
1,39,0.01,87.6,87.6
1,40,0.01,87.6,87.6
1,41,0.01,87.5,87.5
1,42,0.01,87.5,87.5
1,43,0.01,87.5,87.5
1,44,0.01,87.5,87.5
1,45,0.01,87.5,87.5
1,46,0.01,87.5,87.5
1,47,0.01,87.5,87.5
1,48,0.01,87.5,87.5
1,49,0.01,87.5,87.5
1,50,0.01,87.5,87.5
1,51,0.01,87.5,87.5
1,52,0.01,87.6,87.6
1,53,0.01,87.6,87.6
1,54,0.01,87.6,87.6
1,55,0.01,87.6,87.6
1,56,0.01,87.7,87.7
1,57,0.01,87.7,87.7
1,58,0.01,87.7,87.7
1,59,0.01,87.8,87.8
1,60,0.01,87.8,87.8
1,61,0.01,87.9,87.9
1,62,0.01,87.9,87.9
1,63,0.01,88.0,88.0
1,64,0.01,88.1,88.1
1,65,0.01,88.1,88.1
1,66,0.01,88.2,88.2
1,67,0.01,88.3,88.3
1,68,0.01,88.3,88.3
1,69,0.01,88.4,88.4
1,70,0.01,88.5,88.5
1,71,0.01,88.6,88.6
1,72,0.01,88.7,88.7
1,73,0.01,88.8,88.8
1,74,0.01,88.8,88.8
1,75,0.01,88.9,88.9
1,76,0.01,89.1,89.1
2,77,-0.02,89.2,89.2
2,78,-0.07,89.3,89.3
2,79,-0.12,89.3,89.3
2,80,-0.16,89.4,89.4
2,81,-0.20,89.4,89.4
2,82,-0.24,89.4,89.4
2,83,-0.27,89.4,89.4
2,84,-0.30,89.4,89.4
2,85,-0.33,89.4,89.4
2,86,-0.36,89.4,89.4
2,87,-0.39,89.4,89.4
2,88,-0.41,89.5,89.5
2,89,-0.44,89.5,89.5
2,90,-0.46,89.5,89.5
2,91,-0.48,89.5,89.5
2,92,-0.50,89.5,89.5
2,93,-0.52,89.6,89.6
2,94,-0.54,89.6,89.6
2,95,-0.56,89.7,89.7
2,96,-0.58,89.8,89.8
2,97,-0.59,89.8,89.8
2,98,-0.61,89.9,89.9
2,99,-0.62,90.0,90.0
2,100,-0.64,90.1,90.1
2,101,-0.65,90.2,90.2
2,102,-0.66,90.3,90.3
2,103,-0.67,90.3,90.3
2,104,-0.68,90.4,90.4
2,105,-0.69,90.6,90.6
2,106,-0.70,90.7,90.7
2,107,-0.71,90.8,90.8
2,108,-0.72,91.0,91.0
2,109,-0.72,91.1,91.1
2,110,-0.73,91.2,91.2
2,111,-0.74,91.4,91.4
2,112,-0.75,91.5,91.5
2,113,-0.76,91.7,91.7
2,114,-0.76,91.8,91.8
2,115,-0.77,92.0,92.0
2,116,-0.78,92.1,92.1
2,117,-0.78,92.2,92.2
2,118,-0.79,92.4,92.4
2,119,-0.79,92.5,92.5
2,120,-0.80,92.7,92.7
3,121,-0.70,92.9,92.9
3,122,-0.50,93.1,93.1
3,123,-0.44,93.3,93.3
3,124,-0.39,93.5,93.5
3,125,-0.30,93.8,93.8
3,126,0.05,94.1,94.1
3,127,0.01,94.5,94.5
3,128,0.01,95.0,95.0
3,129,0.01,95.6,95.6
3,130,0.28,96.1,96.1
3,131,0.47,96.8,96.8
3,132,0.48,98.1,98.1
3,133,0.48,99.6,99.6
3,134,0.47,101.1,101.1
3,135,0.96,102.7,102.7
3,136,0.98,104.6,104.6
3,137,0.97,106.9,106.9
4,138,0.73,108.8,108.8
4,139,0.61,110.2,110.2
4,140,0.49,110.8,110.8
4,141,0.39,110.9,110.9
4,142,0.31,110.5,110.5
4,143,0.25,109.9,109.9
4,144,0.19,109.1,109.1
4,145,0.14,108.1,108.1
4,146,0.10,107.1,107.1
4,147,0.03,106.1,106.1
4,148,-0.03,105.1,105.1
4,149,-0.09,104.2,104.2
4,150,-0.14,103.2,103.2
4,151,-0.19,102.5,102.5
4,152,-0.23,101.9,101.9
4,153,-0.27,101.6,101.6
4,154,-0.30,101.4,101.4
4,155,-0.34,101.3,101.3
4,156,-0.37,101.2,101.2
4,157,-0.39,101.3,101.3
4,158,-0.42,101.3,101.3
4,159,-0.44,101.4,101.4
4,160,-0.47,101.5,101.5
4,161,-0.49,101.6,101.6
4,162,-0.51,101.8,101.8
4,163,-0.53,101.9,101.9
4,164,-0.56,102.0,102.0
4,165,-0.58,102.1,102.1
4,166,-0.60,102.2,102.2
4,167,-0.62,102.4,102.4
4,168,-0.64,102.5,102.5
4,169,-0.65,102.6,102.6
4,170,-0.67,102.8,102.8
4,171,-0.69,102.9,102.9
4,172,-0.70,103.0,103.0
4,173,-0.71,103.1,103.1
4,174,-0.73,103.2,103.2
4,175,-0.74,103.4,103.4
4,176,-0.75,103.5,103.5
4,177,-0.75,103.6,103.6
4,178,-0.76,103.7,103.7
4,179,-0.77,103.9,103.9
4,180,-0.78,104.0,104.0
4,181,-0.79,104.1,104.1
4,182,-0.80,104.3,104.3
5,183,-0.56,104.4,104.4
5,184,-0.34,104.6,104.6
5,185,-0.32,104.9,104.9
5,186,-0.29,105.2,105.2
5,187,-0.25,105.5,105.5
5,188,0.16,105.8,105.8
5,189,0.15,106.3,106.3
5,190,0.14,106.7,106.7
5,191,0.12,107.2,107.2
5,192,0.34,107.6,107.6
5,193,0.60,108.2,108.2
5,194,0.58,109.1,109.1
5,195,0.56,110.0,110.0
5,196,0.55,110.8,110.8
5,197,0.96,111.4,111.4
5,198,1.07,112.7,112.7
5,199,1.04,114.4,114.4
6,200,0.88,115.7,115.7
6,201,0.71,116.6,116.6
6,202,0.59,116.8,116.8
6,203,0.47,116.4,116.4
6,204,0.38,115.8,115.8
6,205,0.31,115.0,115.0
6,206,0.24,114.3,114.3
6,207,0.18,113.6,113.6
6,208,0.13,113.2,113.2
6,209,0.09,112.8,112.8
6,210,0.03,112.5,112.5
6,211,-0.04,112.3,112.3
6,212,-0.10,112.1,112.1
6,213,-0.16,111.9,111.9
6,214,-0.20,111.8,111.8
6,215,-0.25,111.7,111.7
6,216,-0.29,111.6,111.6
6,217,-0.33,111.4,111.4
6,218,-0.38,111.3,111.3
6,219,-0.41,111.3,111.3
6,220,-0.45,111.2,111.2
6,221,-0.49,111.1,111.1
6,222,-0.52,111.0,111.0
6,223,-0.54,111.0,111.0
6,224,-0.56,110.9,110.9
6,225,-0.58,110.9,110.9
6,226,-0.61,110.9,110.9
6,227,-0.63,110.8,110.8
6,228,-0.66,110.8,110.8
6,229,-0.68,110.8,110.8
6,230,-0.69,110.8,110.8
6,231,-0.71,110.9,110.9
6,232,-0.72,110.9,110.9
6,233,-0.74,110.9,110.9
6,234,-0.74,111.0,111.0
6,235,-0.76,111.0,111.0
6,236,-0.77,111.1,111.1
6,237,-0.78,111.1,111.1
6,238,-0.79,111.2,111.2
6,239,-0.78,111.3,111.3
6,240,-0.79,111.3,111.3
7,241,-0.80,111.4,111.4
7,242,-0.24,111.5,111.5
7,243,-0.18,111.7,111.7
7,244,-0.18,111.9,111.9
7,245,-0.18,112.2,112.2
7,246,0.01,112.4,112.4
7,247,0.32,112.7,112.7
7,248,0.31,113.0,113.0
7,249,0.29,113.4,113.4
7,250,0.27,113.7,113.7
7,251,0.68,114.0,114.0
7,252,0.79,114.5,114.5
7,253,0.77,115.1,115.1
7,254,0.76,115.6,115.6
7,255,0.89,116.1,116.1
7,256,1.28,116.7,116.7
7,257,1.25,118.0,118.0
7,258,1.23,119.3,119.3
7,259,1.22,120.3,120.3
7,260,1.46,121.2,121.2
7,261,1.57,122.4,122.4
7,262,1.55,123.5,123.5
7,263,1.54,124.6,124.6
7,264,1.58,125.4,125.4
7,265,1.79,126.1,126.1
7,266,1.79,127.0,127.0
7,267,1.77,127.9,127.9
7,268,1.77,128.6,128.6
7,269,1.85,129.1,129.1
7,270,1.93,129.7,129.7
7,271,1.94,130.3,130.3
7,272,1.92,130.9,130.9
7,273,1.92,131.3,131.3
7,274,2.03,131.7,131.7
7,275,2.06,132.1,132.1
7,276,2.09,132.5,132.5
7,277,2.10,132.9,132.9
7,278,2.12,133.3,133.3
7,279,2.13,133.7,133.7
7,280,2.11,134.0,134.0
7,281,2.11,134.2,134.2
7,282,2.10,134.3,134.3
7,283,2.10,134.4,134.4
7,284,2.12,134.5,134.5
7,285,2.11,134.6,134.6
7,286,2.12,134.6,134.6
7,287,2.11,134.7,134.7
8,288,2.11,134.7,134.8
8,289,2.10,134.7,134.8
8,290,2.11,134.8,134.8
8,291,2.10,134.8,134.8
8,292,2.11,134.8,134.9
8,293,2.12,134.8,135.0
8,294,2.10,134.8,134.8
8,295,2.11,134.8,134.9
8,296,2.11,134.8,134.9
8,297,2.12,134.8,135.0
8,298,2.10,134.8,134.8
8,299,2.11,134.8,134.8
8,300,2.10,134.8,134.8
8,301,2.11,134.8,134.9
8,302,2.10,134.8,134.8
8,303,2.11,134.8,134.9
8,304,2.11,134.8,134.9
8,305,2.11,134.8,134.8
8,306,2.11,134.8,134.9
8,307,2.11,134.8,134.9
8,308,2.11,134.8,134.9
8,309,2.11,134.8,134.9
8,310,2.10,134.8,134.8
8,311,2.10,134.8,134.8
8,312,2.10,134.8,134.8
8,313,2.13,134.8,135.1
8,314,2.11,134.8,134.9
8,315,2.11,134.8,134.8
8,316,2.10,134.8,134.8
8,317,2.11,134.8,134.9
8,318,2.11,134.8,134.8
8,319,2.12,134.8,135.0
8,320,2.11,134.8,134.8
8,321,2.10,134.8,134.8
8,322,2.10,134.8,134.7
8,323,2.11,134.8,134.9
8,324,2.11,134.8,134.9
8,325,2.10,134.8,134.8
8,326,2.11,134.8,134.9
8,327,2.11,134.8,134.8
8,328,2.11,134.8,134.9
8,329,2.11,134.8,134.8
8,330,2.11,134.8,134.8
8,331,2.10,134.8,134.8
8,332,2.11,134.8,134.9
8,333,2.11,134.8,134.8
8,334,2.10,134.8,134.8
8,335,2.12,134.8,135.0
8,336,2.11,134.8,134.9
8,337,2.11,134.8,134.9
8,338,2.10,134.8,134.8
8,339,2.12,134.8,135.0
8,340,2.11,134.8,134.9
8,341,2.10,134.8,134.8
8,342,2.10,134.8,134.8
8,343,2.11,134.8,134.9
8,344,2.11,134.8,134.9
8,345,2.10,134.8,134.8
8,346,2.13,134.8,135.1
8,347,2.12,134.8,135.0
8,348,2.12,134.9,135.0
8,349,2.11,134.9,134.9
8,350,2.10,134.9,134.8
8,351,2.10,134.9,134.8
8,352,2.10,134.9,134.8
8,353,2.10,134.8,134.8
8,354,2.11,134.8,134.9
8,355,2.11,134.8,134.9
8,356,2.10,134.8,134.8
8,357,2.12,134.8,135.0
8,358,2.11,134.8,134.9
8,359,2.11,134.8,134.8
8,360,2.10,134.8,134.8
8,361,2.10,134.8,134.8
8,362,2.10,134.8,134.8
8,363,2.12,134.8,135.0
8,364,2.11,134.8,134.9
8,365,2.11,134.8,134.9
8,366,2.10,134.9,134.8
8,367,2.10,134.8,134.8
8,368,2.12,134.8,135.0
8,369,2.11,134.8,134.9
8,370,2.11,134.8,134.9
8,371,2.11,134.8,134.9
8,372,2.11,134.8,134.8
8,373,2.12,134.8,135.0
8,374,2.12,134.8,135.0
8,375,2.11,134.8,134.9
8,376,2.11,134.8,134.8
8,377,2.11,134.8,134.8
8,378,2.10,134.8,134.8
8,379,2.11,134.8,134.9
8,380,2.11,134.8,134.8
8,381,2.11,134.8,134.9
8,382,2.11,134.8,134.9
8,383,2.10,134.8,134.8
8,384,2.10,134.8,134.8
8,385,2.10,134.8,134.8
8,386,2.12,134.8,135.0
8,387,2.11,134.8,134.9
8,388,2.11,134.8,134.9
8,389,2.11,134.8,134.8
8,390,2.11,134.8,134.9
8,391,2.10,134.8,134.8
8,392,2.10,134.8,134.8
8,393,2.10,134.8,134.8
8,394,2.11,134.8,134.9
8,395,2.11,134.8,134.8
8,396,2.10,134.8,134.8
8,397,2.13,134.8,135.1
8,398,2.12,134.8,135.0
8,399,2.11,134.8,134.9
8,400,2.11,134.8,134.9
8,401,2.11,134.8,134.8
8,402,2.11,134.8,134.8
8,403,2.10,134.8,134.8
8,404,2.12,134.8,135.0
8,405,2.12,134.8,135.0
8,406,2.11,134.8,134.9
8,407,2.11,134.8,134.8
8,408,2.11,134.8,134.8
8,409,2.10,134.8,134.8
8,410,2.11,134.8,134.8
8,411,2.10,134.8,134.8
8,412,2.11,134.8,134.9
8,413,2.10,134.8,134.8
8,414,2.11,134.8,134.9
8,415,2.10,134.8,134.8
8,416,2.10,134.8,134.8
8,417,2.12,134.8,135.0
8,418,2.11,134.8,134.9
8,419,2.11,134.8,134.8
8,420,2.10,134.8,134.8
8,421,2.11,134.8,134.8
8,422,2.10,134.8,134.8
8,423,2.12,134.8,135.0
8,424,2.11,134.8,134.9
8,425,2.11,134.8,134.9
8,426,2.10,134.8,134.8
8,427,2.10,134.8,134.8
8,428,2.12,134.8,135.0
8,429,2.12,134.8,135.0
8,430,2.11,134.8,134.9
8,431,2.11,134.8,134.9
8,432,2.10,134.8,134.8
8,433,2.11,134.8,134.9
8,434,2.11,134.8,134.9
8,435,2.11,134.8,134.9
8,436,2.11,134.8,134.8
8,437,2.11,134.8,134.9
8,438,2.10,134.8,134.8
8,439,2.10,134.8,134.8
8,440,2.10,134.8,134.8
8,441,2.13,134.8,135.1
8,442,2.12,134.8,135.0
8,443,2.12,134.8,134.9
8,444,2.11,134.8,134.9
8,445,2.11,134.8,134.9
8,446,2.10,134.8,134.8
8,447,2.10,134.8,134.8
8,448,2.13,134.8,135.1
8,449,2.12,134.8,134.9
8,450,2.11,134.8,134.9
8,451,2.11,134.8,134.9
8,452,2.10,134.8,134.8
8,453,2.10,134.8,134.8
8,454,2.12,134.8,134.9
8,455,2.11,134.8,134.9
8,456,2.11,134.8,134.9
8,457,2.11,134.8,134.9
8,458,2.10,134.8,134.8
8,459,2.13,134.8,135.1
8,460,2.12,134.8,135.0
8,461,2.11,134.8,134.9
8,462,2.11,134.8,134.9
8,463,2.11,134.8,134.8
8,464,2.11,134.8,134.9
8,465,2.10,134.8,134.8
8,466,2.13,134.8,135.1
8,467,2.12,134.8,135.0
8,468,2.11,134.8,134.9
8,469,2.11,134.8,134.9
8,470,2.11,134.8,134.8
8,471,2.10,134.8,134.8
8,472,2.10,134.8,134.8
8,473,2.10,134.8,134.8
8,474,2.11,134.8,134.9
8,475,2.10,134.8,134.8
8,476,2.11,134.8,134.9
8,477,2.11,134.8,134.8
8,478,2.10,134.8,134.8
8,479,2.10,134.8,134.8
8,480,2.10,134.7,134.8
8,481,2.11,134.7,134.8
8,482,2.10,134.7,134.8
8,483,2.12,134.7,134.9
8,484,2.11,134.8,134.9
8,485,2.11,134.8,134.8
8,486,2.10,134.8,134.8
8,487,2.10,134.7,134.8
8,488,2.12,134.7,135.0
8,489,2.12,134.8,135.0
8,490,2.11,134.8,134.9
8,491,2.11,134.8,134.8
8,492,2.10,134.8,134.8
8,493,2.12,134.8,135.0
8,494,2.11,134.8,134.9
8,495,2.11,134.8,134.9
8,496,2.11,134.8,134.8
8,497,2.11,134.8,134.8
8,498,2.10,134.7,134.8
8,499,2.12,134.7,134.9
8,500,2.11,134.7,134.9
8,501,2.11,134.7,134.9
8,502,2.10,134.7,134.8
8,503,2.10,134.7,134.8
8,504,2.13,134.7,135.1
8,505,2.12,134.7,135.0
8,506,2.11,134.7,134.9
8,507,2.11,134.8,134.9
8,508,2.11,134.8,134.9
8,509,2.10,134.8,134.8
8,510,2.11,134.8,134.8
8,511,2.11,134.7,134.9
8,512,2.10,134.7,134.8
8,513,2.10,134.7,134.8
8,514,2.12,134.7,135.0
8,515,2.11,134.8,134.9
8,516,2.11,134.8,134.9
8,517,2.11,134.8,134.8
8,518,2.11,134.8,134.8
8,519,2.11,134.7,134.8
8,520,2.10,134.7,134.8
8,521,2.10,134.7,134.8
8,522,2.10,134.7,134.8
8,523,2.12,134.7,135.0
8,524,2.12,134.7,134.9
8,525,2.11,134.7,134.9
8,526,2.11,134.7,134.9
8,527,2.11,134.7,134.8
8,528,2.10,134.7,134.8
9,529,2.02,134.7,134.7
9,530,1.90,134.7,134.7
9,531,1.79,134.4,134.4
9,532,1.70,133.9,133.9
9,533,1.61,133.2,133.2
9,534,1.53,132.5,132.5
9,535,1.44,131.7,131.7
9,536,1.36,130.8,130.8
9,537,1.27,129.9,129.9
9,538,1.19,129.0,129.0
9,539,1.11,128.0,128.0
9,540,1.04,127.1,127.1
9,541,0.97,126.1,126.1
9,542,0.90,125.3,125.3
9,543,0.82,124.5,124.5
9,544,0.76,123.7,123.7
9,545,0.69,122.9,122.9
9,546,0.63,122.1,122.1
9,547,0.57,121.3,121.3
9,548,0.52,120.6,120.6
9,549,0.47,119.8,119.8
9,550,0.41,119.1,119.1
9,551,0.38,118.3,118.3
9,552,0.34,117.5,117.5
9,553,0.31,116.7,116.7
9,554,0.27,116.0,116.0
9,555,0.24,115.3,115.3
9,556,0.22,114.7,114.7
9,557,0.19,114.1,114.1
9,558,0.16,113.6,113.6
9,559,0.14,113.0,113.0
9,560,0.13,112.5,112.5
9,561,0.11,112.0,112.0
9,562,0.08,111.6,111.6
9,563,0.02,111.1,111.1
9,564,-0.01,110.8,110.8
9,565,-0.05,110.3,110.3
9,566,-0.08,110.0,110.0
9,567,-0.10,109.6,109.6
9,568,-0.14,109.2,109.2
9,569,-0.16,108.8,108.8
9,570,-0.19,108.4,108.4
9,571,-0.22,108.1,108.1
9,572,-0.24,107.7,107.7
9,573,-0.26,107.4,107.4
9,574,-0.29,107.0,107.0
9,575,-0.30,106.7,106.7
9,576,-0.32,106.4,106.4
9,577,-0.33,106.1,106.1
9,578,-0.35,105.8,105.8
9,579,-0.37,105.6,105.6
9,580,-0.39,105.4,105.4
9,581,-0.40,105.2,105.2
9,582,-0.42,105.0,105.0
10,583,-0.43,104.9,104.9
10,584,-0.45,104.8,104.8
10,585,-0.46,104.7,104.7
10,586,-0.48,104.6,104.6
10,587,-0.50,104.6,104.6
10,588,-0.52,104.6,104.6
10,589,-0.54,104.6,104.6
10,590,-0.56,104.6,104.6
10,591,-0.57,104.7,104.7
10,592,-0.60,104.7,104.7
10,593,-0.61,104.8,104.8
10,594,-0.62,104.8,104.8
10,595,-0.64,104.9,104.9
10,596,-0.65,105.0,105.0
10,597,-0.66,105.1,105.1
10,598,-0.67,105.2,105.2
10,599,-0.68,105.3,105.3
10,600,-0.69,105.4,105.4
10,601,-0.70,105.5,105.5
10,602,-0.71,105.7,105.7
10,603,-0.70,105.8,105.8
10,604,-0.71,105.9,105.9
10,605,-0.72,106.1,106.1
10,606,-0.72,106.2,106.2
10,607,-0.73,106.4,106.4
10,608,-0.74,106.6,106.6
10,609,-0.74,106.7,106.7
10,610,-0.75,106.9,106.9
10,611,-0.75,107.0,107.0
10,612,-0.76,107.2,107.2
10,613,-0.76,107.3,107.3
10,614,-0.76,107.5,107.5
10,615,-0.76,107.7,107.7
10,616,-0.77,107.8,107.8
10,617,-0.76,108.0,108.0
10,618,-0.77,108.1,108.1
10,619,-0.77,108.3,108.3
10,620,-0.78,108.4,108.4
10,621,-0.78,108.6,108.6
10,622,-0.78,108.7,108.7
10,623,-0.79,108.9,108.9
10,624,-0.79,109.0,109.0
10,625,-0.79,109.2,109.2
10,626,-0.80,109.3,109.3
10,627,-0.80,109.5,109.5
10,628,-0.80,109.6,109.6
10,629,-0.81,109.7,109.7
10,630,-0.81,109.8,109.8
10,631,-0.82,109.9,109.9
10,632,-0.83,110.1,110.1
10,633,-0.82,110.2,110.2
10,634,-0.83,110.3,110.3
10,635,-0.83,110.4,110.4
10,636,-0.83,110.6,110.6
10,637,-0.80,110.7,110.7
10,638,-0.80,110.8,110.8
10,639,-0.81,110.9,110.9
10,640,-0.82,111.0,111.0
10,641,-0.82,111.2,111.2
10,642,-0.83,111.3,111.3
10,643,-0.83,111.4,111.4
10,644,-0.83,111.5,111.5
10,645,-0.83,111.6,111.6
10,646,-0.83,111.7,111.7
10,647,-0.83,111.8,111.8
10,648,-0.83,111.9,111.9
10,649,-0.83,111.9,111.9
10,650,-0.83,112.0,112.0
10,651,-0.82,112.1,112.1
10,652,-0.83,112.2,112.2
10,653,-0.83,112.3,112.3
10,654,-0.83,112.4,112.4
10,655,-0.83,112.5,112.5
10,656,-0.83,112.6,112.6
10,657,-0.83,112.6,112.6
10,658,-0.83,112.7,112.7
10,659,-0.83,112.8,112.8
10,660,-0.83,112.8,112.8
10,661,-0.84,112.9,112.9
10,662,-0.84,113.0,113.0
10,663,-0.85,113.0,113.0
10,664,-0.85,113.1,113.1
10,665,-0.84,113.1,113.1
10,666,-0.84,113.1,113.1
10,667,-0.84,113.2,113.2
10,668,-0.84,113.3,113.3
10,669,-0.84,113.3,113.3
10,670,-0.84,113.4,113.4
10,671,-0.84,113.4,113.4
10,672,-0.84,113.5,113.5
10,673,-0.84,113.5,113.5
10,674,-0.84,113.6,113.6
10,675,-0.84,113.6,113.6
10,676,-0.84,113.6,113.6
10,677,-0.85,113.7,113.7
10,678,-0.84,113.7,113.7
10,679,-0.85,113.8,113.8
10,680,-0.85,113.8,113.8
10,681,-0.85,113.8,113.8
10,682,-0.85,113.8,113.8
10,683,-0.85,113.9,113.9
10,684,-0.85,113.9,113.9
10,685,-0.85,113.9,113.9
10,686,-0.85,113.9,113.9
10,687,-0.85,114.0,114.0
10,688,-0.85,114.0,114.0
10,689,-0.85,114.0,114.0
10,690,-0.86,114.0,114.0
10,691,-0.86,114.1,114.1
10,692,-0.86,114.1,114.1
10,693,-0.86,114.1,114.1
10,694,-0.86,114.1,114.1
10,695,-0.86,114.1,114.1
10,696,-0.86,114.2,114.2
10,697,-0.86,114.2,114.2
10,698,-0.86,114.2,114.2
10,699,-0.86,114.2,114.2
10,700,-0.87,114.2,114.2
10,701,-0.86,114.2,114.2
10,702,-0.86,114.2,114.2
10,703,-0.86,114.3,114.3
10,704,-0.87,114.3,114.3
10,705,-0.87,114.3,114.3
10,706,-0.87,114.3,114.3
10,707,-0.87,114.3,114.3
10,708,-0.87,114.3,114.3
10,709,-0.87,114.3,114.3
10,710,-0.87,114.3,114.3
10,711,-0.87,114.3,114.3
10,712,-0.87,114.3,114.3
10,713,-0.87,114.3,114.3
10,714,-0.87,114.3,114.3
10,715,-0.87,114.3,114.3
10,716,-0.87,114.3,114.3
10,717,-0.87,114.3,114.3
10,718,-0.87,114.3,114.3
10,719,-0.87,114.3,114.3
10,720,-0.87,114.3,114.3
10,721,-0.87,114.3,114.3
10,722,-0.87,114.3,114.3
10,723,-0.87,114.3,114.3
10,724,-0.87,114.3,114.3
10,725,-0.87,114.3,114.3
10,726,-0.87,114.3,114.3
10,727,-0.87,114.3,114.3
10,728,-0.88,114.3,114.3
10,729,-0.87,114.3,114.3
10,730,-0.87,114.3,114.3
10,731,-0.87,114.3,114.3
10,732,-0.87,114.3,114.3
10,733,-0.87,114.3,114.3
10,734,-0.88,114.3,114.3
10,735,-0.88,114.3,114.3
10,736,-0.88,114.3,114.3
10,737,-0.88,114.2,114.2
10,738,-0.88,114.2,114.2
10,739,-0.88,114.2,114.2
10,740,-0.88,114.2,114.2
10,741,-0.88,114.2,114.2
10,742,-0.88,114.2,114.2
10,743,-0.88,114.2,114.2
10,744,-0.88,114.2,114.2
10,745,-0.88,114.2,114.2
10,746,-0.88,114.1,114.1
10,747,-0.88,114.1,114.1
10,748,-0.88,114.1,114.1
10,749,-0.88,114.1,114.1
10,750,-0.88,114.1,114.1
10,751,-0.88,114.1,114.1
10,752,-0.88,114.0,114.0
10,753,-0.88,114.0,114.0
10,754,-0.88,114.0,114.0
10,755,-0.88,114.0,114.0
10,756,-0.88,114.0,114.0
10,757,-0.88,114.0,114.0
10,758,-0.88,114.0,114.0
10,759,-0.88,113.9,113.9
10,760,-0.88,113.9,113.9
10,761,-0.88,113.9,113.9
10,762,-0.88,113.9,113.9
10,763,-0.88,113.9,113.9
10,764,-0.88,113.9,113.9
11,765,-0.75,113.9,113.9
11,766,-0.66,113.9,113.9
11,767,-0.56,113.9,113.9
11,768,-0.47,114.0,114.0
11,769,-0.38,114.2,114.2
11,770,-0.31,114.3,114.3
11,771,-0.25,114.4,114.4
11,772,-0.21,114.5,114.5
11,773,-0.17,114.6,114.6
11,774,-0.14,114.7,114.7
11,775,-0.12,114.8,114.8
11,776,-0.11,114.8,114.8
11,777,-0.09,114.9,114.9
11,778,-0.09,114.9,114.9
11,779,-0.08,114.9,114.9
12,780,-0.06,114.9,114.9
Sterilization Complete
Error nr: 0
Error description: 
Sterilisator,stop time: 13-01-17 11:07:44
